time,enrolled,available,waitlisted,total
2023-05-25T01:15:27,0,100,0,100
2023-05-25T01:27:03,0,100,0,100
2023-05-25T01:38:38,0,100,0,100
2023-05-25T01:50:23,0,100,0,100
2023-05-25T02:01:58,0,100,0,100
2023-05-25T02:13:35,0,100,0,100
2023-05-25T02:25:11,0,100,0,100
2023-05-25T02:36:44,0,100,0,100
2023-05-25T02:48:18,0,100,0,100
2023-05-25T02:59:50,0,100,0,100
2023-05-25T03:11:27,0,100,0,100
2023-05-25T03:23:06,0,100,0,100
2023-05-25T03:35:03,0,100,0,100
2023-05-25T03:46:39,0,100,0,100
2023-05-25T03:58:15,0,100,0,100
2023-05-25T04:17:37,0,100,0,100
2023-05-25T04:29:38,0,100,0,100
2023-05-25T04:41:15,0,100,0,100
2023-05-25T04:52:51,0,100,0,100
2023-05-25T05:04:27,0,100,0,100
2023-05-25T05:16:04,0,100,0,100
2023-05-25T05:27:40,0,100,0,100
2023-05-25T05:39:17,0,100,0,100
2023-05-25T05:50:53,0,100,0,100
2023-05-25T06:02:29,0,100,0,100
2023-05-25T06:14:05,0,100,0,100
2023-05-25T06:25:40,0,100,0,100
2023-05-25T06:37:14,0,100,0,100
2023-05-25T06:48:50,0,100,0,100
2023-05-25T07:00:25,0,100,0,100
2023-05-25T07:12:01,0,100,0,100
2023-05-25T07:23:35,0,100,0,100
2023-05-25T07:35:09,0,100,0,100
2023-05-25T07:46:46,0,100,0,100
2023-05-25T07:58:21,0,100,0,100
2023-05-25T08:09:56,0,100,0,100
2023-05-25T08:21:40,0,100,0,100
2023-05-25T08:33:14,0,100,0,100
2023-05-25T08:44:47,0,100,0,100
2023-05-25T08:56:19,0,100,0,100
2023-05-25T09:07:53,0,100,0,100
2023-05-25T09:19:26,0,100,0,100
2023-05-25T09:30:58,0,100,0,100
2023-05-25T09:42:31,0,100,0,100
2023-05-25T09:54:04,0,100,0,100
2023-05-25T10:05:37,0,100,0,100
2023-05-25T10:17:22,0,100,0,100
2023-05-25T10:28:55,0,100,0,100
2023-05-25T10:40:27,0,100,0,100
2023-05-25T10:52:10,0,100,0,100
2023-05-25T11:03:42,0,100,0,100
2023-05-25T11:15:15,0,100,0,100
2023-05-25T11:26:48,0,100,0,100
2023-05-25T11:38:21,0,100,0,100
2023-05-25T11:49:54,0,100,0,100
2023-05-25T12:01:38,0,100,0,100
2023-05-25T12:13:11,0,100,0,100
2023-05-25T12:24:43,0,100,0,100
2023-05-25T12:36:16,0,100,0,100
2023-05-25T12:47:49,0,100,0,100
2023-05-25T12:59:32,0,100,0,100
2023-05-25T13:11:05,0,100,0,100
2023-05-25T13:22:38,0,100,0,100
2023-05-25T13:34:11,0,100,0,100
2023-05-25T13:45:44,0,100,0,100
2023-05-25T13:57:18,0,100,0,100
2023-05-25T14:09:02,0,100,0,100
2023-05-25T14:20:35,0,100,0,100
2023-05-25T14:32:08,0,100,0,100
2023-05-25T14:43:41,0,100,0,100
2023-05-25T14:55:15,0,100,0,100
2023-05-25T15:06:59,0,100,0,100
2023-05-25T15:18:33,0,100,0,100
2023-05-25T15:30:08,0,100,0,100
2023-05-25T15:41:42,0,100,0,100
2023-05-25T15:53:16,0,100,0,100
2023-05-25T16:05:02,0,100,0,100
2023-05-25T16:16:37,0,100,0,100
2023-05-25T16:28:12,0,100,0,100
2023-05-25T16:39:47,0,100,0,100
2023-05-25T16:51:22,0,100,0,100
2023-05-25T17:02:58,0,100,0,100
2023-05-25T17:14:46,0,100,0,100
2023-05-25T17:26:22,0,100,0,100
2023-05-25T17:37:57,0,100,0,100
2023-05-25T17:49:33,0,100,0,100
2023-05-25T18:01:09,0,100,0,100
2023-05-25T18:12:46,0,100,0,100
2023-05-25T18:24:21,0,100,0,100
2023-05-25T18:36:06,0,100,0,100
2023-05-25T18:47:42,0,100,0,100
2023-05-25T18:59:18,0,100,0,100
2023-05-25T19:10:54,0,100,0,100
2023-05-25T19:22:30,0,100,0,100
2023-05-25T19:34:05,0,100,0,100
2023-05-25T19:45:42,0,100,0,100
2023-05-25T19:57:27,0,100,0,100
2023-05-25T20:09:03,0,100,0,100
2023-05-25T20:20:39,0,100,0,100
2023-05-25T20:32:15,0,100,0,100
2023-05-25T20:43:50,0,100,0,100
2023-05-25T20:55:26,0,100,0,100
2023-05-25T21:07:01,0,100,0,100
2023-05-25T21:18:49,0,100,0,100
2023-05-25T21:30:25,0,100,0,100
2023-05-25T21:42:01,0,100,0,100
2023-05-25T21:53:36,0,100,0,100
2023-05-25T22:05:11,0,100,0,100
2023-05-25T22:16:47,0,100,0,100
2023-05-25T22:28:22,0,100,0,100
2023-05-25T22:39:58,0,100,0,100
2023-05-25T22:51:44,0,100,0,100
2023-05-25T23:03:21,0,100,0,100
2023-05-25T23:14:58,0,100,0,100
2023-05-25T23:26:33,0,100,0,100
2023-05-25T23:38:09,0,100,0,100
2023-05-25T23:49:45,0,100,0,100
2023-05-26T00:01:26,0,100,0,100
2023-05-26T00:13:20,0,100,0,100
2023-05-26T00:25:00,0,100,0,100
2023-05-26T00:36:39,0,100,0,100
2023-05-26T00:48:17,0,100,0,100
2023-05-26T00:59:56,0,100,0,100
2023-05-26T01:11:35,0,100,0,100
2023-05-26T01:23:14,0,100,0,100
2023-05-26T01:34:52,0,100,0,100
2023-05-26T01:46:40,0,100,0,100
2023-05-26T01:58:19,0,100,0,100
2023-05-26T02:10:00,0,100,0,100
2023-05-26T02:21:37,0,100,0,100
2023-05-26T02:33:15,0,100,0,100
2023-05-26T02:45:04,0,100,0,100
2023-05-26T02:56:44,0,100,0,100
2023-05-26T03:08:24,0,100,0,100
2023-05-26T03:20:05,0,100,0,100
2023-05-26T03:31:44,0,100,0,100
2023-05-26T03:43:22,0,100,0,100
2023-05-26T03:55:01,0,100,0,100
2023-05-26T04:06:49,0,100,0,100
2023-05-26T04:28:48,0,100,0,100
2023-05-26T04:40:52,0,100,0,100
2023-05-26T04:52:33,0,100,0,100
2023-05-26T05:04:14,0,100,0,100
2023-05-26T05:15:54,0,100,0,100
2023-05-26T05:27:33,0,100,0,100
2023-05-26T05:39:12,0,100,0,100
2023-05-26T05:50:51,0,100,0,100
2023-05-26T06:02:29,0,100,0,100
2023-05-26T06:14:09,0,100,0,100
2023-05-26T06:25:48,0,100,0,100
2023-05-26T06:37:26,0,100,0,100
2023-05-26T06:49:05,0,100,0,100
2023-05-26T07:00:43,0,100,0,100
2023-05-26T07:12:22,0,100,0,100
2023-05-26T07:24:00,0,100,0,100
2023-05-26T07:35:46,0,100,0,100
2023-05-26T07:47:23,0,100,0,100
2023-05-26T07:59:00,0,100,0,100
2023-05-26T08:10:36,0,100,0,100
2023-05-26T08:22:12,0,100,0,100
2023-05-26T08:33:48,0,100,0,100
2023-05-26T08:45:24,0,100,0,100
2023-05-26T08:57:00,0,100,0,100
2023-05-26T09:08:36,0,100,0,100
2023-05-26T09:20:13,0,100,0,100
2023-05-26T09:32:00,0,100,0,100
2023-05-26T09:43:36,1,99,0,100
2023-05-26T09:55:13,2,98,0,100
2023-05-26T10:06:48,2,98,0,100
2023-05-26T10:18:25,2,98,0,100
2023-05-26T10:30:01,2,98,0,100
2023-05-26T10:41:49,2,98,0,100
2023-05-26T10:53:26,2,98,0,100
2023-05-26T11:05:02,2,98,0,100
2023-05-26T11:16:39,2,98,0,100
2023-05-26T11:28:15,2,98,0,100
2023-05-26T11:40:02,2,98,0,100
2023-05-26T11:51:38,2,98,0,100
2023-05-26T12:03:13,2,98,0,100
2023-05-26T12:14:50,2,98,0,100
2023-05-26T12:26:26,2,98,0,100
2023-05-26T12:38:02,2,98,0,100
2023-05-26T12:49:49,2,98,0,100
2023-05-26T13:01:25,2,98,0,100
2023-05-26T13:13:01,2,98,0,100
2023-05-26T13:24:37,2,98,0,100
2023-05-26T13:36:23,2,98,0,100
2023-05-26T13:47:59,2,98,0,100
2023-05-26T13:59:35,2,98,0,100
2023-05-26T14:11:11,2,98,0,100
2023-05-26T14:22:58,2,98,0,100
2023-05-26T14:34:34,2,98,0,100
2023-05-26T14:46:10,2,98,0,100
2023-05-26T14:57:46,2,98,0,100
2023-05-26T15:09:24,2,98,0,100
2023-05-26T15:21:00,2,98,0,100
2023-05-26T15:32:47,2,98,0,100
2023-05-26T15:44:22,2,98,0,100
2023-05-26T15:55:59,2,98,0,100
2023-05-26T16:07:34,2,98,0,100
2023-05-26T16:19:10,2,98,0,100
2023-05-26T16:30:45,2,98,0,100
2023-05-26T16:42:31,2,98,0,100
2023-05-26T16:54:07,2,98,0,100
2023-05-26T17:05:43,2,98,0,100
2023-05-26T17:17:20,2,98,0,100
2023-05-26T17:28:56,2,98,0,100
2023-05-26T17:40:41,2,98,0,100
2023-05-26T17:52:17,2,98,0,100
2023-05-26T18:03:52,2,98,0,100
2023-05-26T18:15:28,2,98,0,100
2023-05-26T18:27:04,2,98,0,100
2023-05-26T18:38:39,2,98,0,100
2023-05-26T18:50:25,3,97,0,100
2023-05-26T19:02:01,3,97,0,100
2023-05-26T19:13:38,4,96,0,100
2023-05-26T19:25:14,4,96,0,100
2023-05-26T19:36:50,4,96,0,100
2023-05-26T19:48:25,4,96,0,100
2023-05-26T20:00:00,4,96,0,100
2023-05-26T20:11:46,4,96,0,100
2023-05-26T20:23:22,4,96,0,100
2023-05-26T20:34:58,4,96,0,100
2023-05-26T20:46:33,4,96,0,100
2023-05-26T20:58:08,5,95,0,100
2023-05-26T21:09:45,5,95,0,100
2023-05-26T21:21:22,5,95,0,100
2023-05-26T21:32:57,5,95,0,100
2023-05-26T21:44:44,5,95,0,100
2023-05-26T21:56:20,5,95,0,100
2023-05-26T22:07:56,5,95,0,100
2023-05-26T22:19:32,5,95,0,100
2023-05-26T22:31:08,5,95,0,100
2023-05-26T22:42:44,5,95,0,100
2023-05-26T22:54:19,5,95,0,100
2023-05-26T23:05:59,5,95,0,100
2023-05-26T23:17:44,5,95,0,100
2023-05-26T23:29:20,5,95,0,100
2023-05-26T23:40:58,5,95,0,100
2023-05-26T23:52:34,5,95,0,100
2023-05-27T00:04:10,5,95,0,100
2023-05-27T00:15:50,5,95,0,100
2023-05-27T00:27:29,5,95,0,100
2023-05-27T00:39:08,5,95,0,100
2023-05-27T00:50:47,5,95,0,100
2023-05-27T01:02:26,5,95,0,100
2023-05-27T01:14:15,5,95,0,100
2023-05-27T01:25:54,5,95,0,100
2023-05-27T01:37:33,5,95,0,100
2023-05-27T01:49:12,5,95,0,100
2023-05-27T02:00:50,5,95,0,100
2023-05-27T02:12:29,5,95,0,100
2023-05-27T02:24:06,5,95,0,100
2023-05-27T02:35:43,5,95,0,100
2023-05-27T02:47:19,5,95,0,100
2023-05-27T02:58:55,5,95,0,100
2023-05-27T03:10:33,5,95,0,100
2023-05-27T03:22:11,5,95,0,100
2023-05-27T03:33:48,5,95,0,100
2023-05-27T03:45:25,5,95,0,100
2023-05-27T03:57:03,5,95,0,100
2023-05-27T04:08:57,5,95,0,100
2023-05-27T04:30:17,5,95,0,100
2023-05-27T04:43:12,5,95,0,100
2023-05-27T04:55:09,5,95,0,100
2023-05-27T05:06:48,5,95,0,100
2023-05-27T05:18:27,5,95,0,100
2023-05-27T05:30:06,5,95,0,100
2023-05-27T05:41:46,5,95,0,100
2023-05-27T05:53:24,5,95,0,100
2023-05-27T06:05:03,5,95,0,100
2023-05-27T06:16:41,5,95,0,100
2023-05-27T06:28:22,5,95,0,100
2023-05-27T06:40:01,5,95,0,100
2023-05-27T06:51:39,5,95,0,100
2023-05-27T07:03:17,5,95,0,100
2023-05-27T07:14:56,5,95,0,100
2023-05-27T07:26:34,5,95,0,100
2023-05-27T07:38:11,5,95,0,100
2023-05-27T07:49:49,5,95,0,100
2023-05-27T08:01:39,5,95,0,100
2023-05-27T08:13:16,5,95,0,100
2023-05-27T08:24:54,5,95,0,100
2023-05-27T08:36:33,5,95,0,100
2023-05-27T08:48:11,5,95,0,100
2023-05-27T08:59:49,6,94,0,100
2023-05-27T09:11:27,7,93,0,100
2023-05-27T09:23:04,7,93,0,100
2023-05-27T09:34:44,7,93,0,100
2023-05-27T09:46:22,7,93,0,100
2023-05-27T09:57:59,7,93,0,100
2023-05-27T10:09:54,7,93,0,100
2023-05-27T10:21:30,7,93,0,100
2023-05-27T10:33:08,7,93,0,100
2023-05-27T10:44:45,8,92,0,100
2023-05-27T10:56:21,8,92,0,100
2023-05-27T11:07:57,8,92,0,100
2023-05-27T11:19:33,8,92,0,100
2023-05-27T11:31:08,8,92,0,100
2023-05-27T11:42:43,9,91,0,100
2023-05-27T11:54:18,9,91,0,100
2023-05-27T12:06:02,9,91,0,100
2023-05-27T12:17:37,9,91,0,100
2023-05-27T12:29:12,9,91,0,100
2023-05-27T12:40:48,9,91,0,100
2023-05-27T12:52:23,9,91,0,100
2023-05-27T13:03:59,9,91,0,100
2023-05-27T13:15:34,10,90,0,100
2023-05-27T13:27:09,10,90,0,100
2023-05-27T13:39:04,10,90,0,100
2023-05-27T13:50:39,10,90,0,100
2023-05-27T14:02:15,10,90,0,100
2023-05-27T14:13:50,10,90,0,100
2023-05-27T14:25:26,10,90,0,100
2023-05-27T14:37:01,10,90,0,100
2023-05-27T14:48:36,10,90,0,100
2023-05-27T15:00:22,10,90,0,100
2023-05-27T15:11:57,10,90,0,100
2023-05-27T15:23:32,10,90,0,100
2023-05-27T15:35:07,10,90,0,100
2023-05-27T15:46:42,10,90,0,100
2023-05-27T15:58:17,10,90,0,100
2023-05-27T16:09:52,10,90,0,100
2023-05-27T16:21:27,10,90,0,100
2023-05-27T16:33:12,12,88,0,100
2023-05-27T16:44:48,12,88,0,100
2023-05-27T16:56:22,12,88,0,100
2023-05-27T17:08:00,13,87,0,100
2023-05-27T17:19:37,13,87,0,100
2023-05-27T17:31:12,13,87,0,100
2023-05-27T17:42:58,14,86,0,100
2023-05-27T17:54:33,14,86,0,100
2023-05-27T18:06:08,14,86,0,100
2023-05-27T18:17:44,14,86,0,100
2023-05-27T18:29:20,14,86,0,100
2023-05-27T18:40:54,15,85,0,100
2023-05-27T18:52:29,15,85,0,100
2023-05-27T19:04:06,15,85,0,100
2023-05-27T19:16:01,15,85,0,100
2023-05-27T19:27:36,15,85,0,100
2023-05-27T19:39:12,15,85,0,100
2023-05-27T19:50:48,15,85,0,100
2023-05-27T20:02:23,15,85,0,100
2023-05-27T20:13:58,16,84,0,100
2023-05-27T20:25:34,16,84,0,100
2023-05-27T20:37:09,17,83,0,100
2023-05-27T20:48:53,19,81,0,100
2023-05-27T21:00:28,20,80,0,100
2023-05-27T21:12:04,20,80,0,100
2023-05-27T21:23:39,20,80,0,100
2023-05-27T21:35:15,20,80,0,100
2023-05-27T21:46:50,20,80,0,100
2023-05-27T21:58:26,21,79,0,100
2023-05-27T22:10:01,21,79,0,100
2023-05-27T22:21:46,21,79,0,100
2023-05-27T22:33:21,21,79,0,100
2023-05-27T22:44:56,21,79,0,100
2023-05-27T22:56:32,21,79,0,100
2023-05-27T23:08:12,21,79,0,100
2023-05-27T23:19:48,21,79,0,100
2023-05-27T23:31:24,21,79,0,100
2023-05-27T23:43:15,21,79,0,100
2023-05-27T23:54:50,21,79,0,100
2023-05-28T00:06:28,21,79,0,100
2023-05-28T00:18:08,21,79,0,100
2023-05-28T00:29:45,21,79,0,100
2023-05-28T00:41:24,21,79,0,100
2023-05-28T00:53:00,21,79,0,100
2023-05-28T01:04:37,21,79,0,100
2023-05-28T01:16:13,21,79,0,100
2023-05-28T01:27:49,21,79,0,100
2023-05-28T01:39:34,21,79,0,100
2023-05-28T01:51:10,21,79,0,100
2023-05-28T02:02:45,21,79,0,100
2023-05-28T02:14:21,21,79,0,100
2023-05-28T02:25:57,21,79,0,100
2023-05-28T02:37:36,21,79,0,100
2023-05-28T02:49:17,21,79,0,100
2023-05-28T03:00:57,21,79,0,100
2023-05-28T03:12:38,21,79,0,100
2023-05-28T03:24:18,21,79,0,100
2023-05-28T03:35:57,21,79,0,100
2023-05-28T03:48:35,21,79,0,100
2023-05-28T04:00:43,21,79,0,100
2023-05-28T04:12:22,21,79,0,100
2023-05-28T04:26:21,21,79,0,100
2023-05-28T04:39:18,21,79,0,100
2023-05-28T04:51:16,21,79,0,100
2023-05-28T05:02:56,21,79,0,100
2023-05-28T05:14:34,21,79,0,100
2023-05-28T05:26:12,21,79,0,100
2023-05-28T05:37:55,21,79,0,100
2023-05-28T05:49:35,21,79,0,100
2023-05-28T06:01:14,21,79,0,100
2023-05-28T06:12:53,21,79,0,100
2023-05-28T06:24:32,21,79,0,100
2023-05-28T06:36:10,21,79,0,100
2023-05-28T06:47:48,21,79,0,100
2023-05-28T06:59:26,21,79,0,100
2023-05-28T07:11:04,21,79,0,100
2023-05-28T07:22:42,21,79,0,100
2023-05-28T07:34:21,21,79,0,100
2023-05-28T07:45:59,21,79,0,100
2023-05-28T07:57:41,21,79,0,100
2023-05-28T08:09:20,21,79,0,100
2023-05-28T08:20:59,21,79,0,100
2023-05-28T08:32:37,21,79,0,100
2023-05-28T08:44:14,21,79,0,100
2023-05-28T08:55:54,21,79,0,100
2023-05-28T09:07:31,21,79,0,100
2023-05-28T09:19:16,21,79,0,100
2023-05-28T09:30:52,21,79,0,100
2023-05-28T09:42:28,21,79,0,100
2023-05-28T09:54:04,21,79,0,100
2023-05-28T10:05:40,21,79,0,100
2023-05-28T10:17:16,21,79,0,100
2023-05-28T10:28:52,21,79,0,100
2023-05-28T10:40:27,21,79,0,100
2023-05-28T10:52:03,21,79,0,100
2023-05-28T11:03:39,21,79,0,100
2023-05-28T11:15:15,21,79,0,100
2023-05-28T11:26:51,21,79,0,100
2023-05-28T11:38:27,21,79,0,100
2023-05-28T11:50:02,21,79,0,100
2023-05-28T12:01:47,21,79,0,100
2023-05-28T12:13:22,21,79,0,100
2023-05-28T12:24:59,21,79,0,100
2023-05-28T12:36:34,21,79,0,100
2023-05-28T12:48:10,21,79,0,100
2023-05-28T12:59:46,21,79,0,100
2023-05-28T13:11:22,21,79,0,100
2023-05-28T13:22:58,21,79,0,100
2023-05-28T13:34:33,21,79,0,100
2023-05-28T13:46:09,21,79,0,100
2023-05-28T13:57:44,21,79,0,100
2023-05-28T14:09:28,21,79,0,100
2023-05-28T14:21:04,21,79,0,100
2023-05-28T14:32:39,21,79,0,100
2023-05-28T14:44:14,21,79,0,100
2023-05-28T14:55:50,21,79,0,100
2023-05-28T15:07:26,21,79,0,100
2023-05-28T15:19:02,21,79,0,100
2023-05-28T15:30:37,21,79,0,100
2023-05-28T15:42:12,21,79,0,100
2023-05-28T15:53:48,21,79,0,100
2023-05-28T16:05:24,21,79,0,100
2023-05-28T16:17:10,21,79,0,100
2023-05-28T16:28:46,21,79,0,100
2023-05-28T16:40:21,21,79,0,100
2023-05-28T16:51:56,21,79,0,100
2023-05-28T17:03:32,21,79,0,100
2023-05-28T17:15:07,21,79,0,100
2023-05-28T17:26:43,21,79,0,100
2023-05-28T17:38:19,21,79,0,100
2023-05-28T17:49:54,21,79,0,100
2023-05-28T18:01:39,21,79,0,100
2023-05-28T18:13:15,21,79,0,100
2023-05-28T18:24:50,21,79,0,100
2023-05-28T18:36:26,21,79,0,100
2023-05-28T18:48:01,21,79,0,100
2023-05-28T18:59:36,21,79,0,100
2023-05-28T19:11:14,21,79,0,100
2023-05-28T19:22:49,21,79,0,100
2023-05-28T19:34:25,21,79,0,100
2023-05-28T19:46:09,21,79,0,100
2023-05-28T19:57:45,21,79,0,100
2023-05-28T20:09:20,21,79,0,100
2023-05-28T20:20:56,21,79,0,100
2023-05-28T20:32:31,21,79,0,100
2023-05-28T20:44:06,21,79,0,100
2023-05-28T20:55:41,21,79,0,100
2023-05-28T21:07:17,21,79,0,100
2023-05-28T21:18:52,21,79,0,100
2023-05-28T21:30:37,21,79,0,100
2023-05-28T21:42:13,21,79,0,100
2023-05-28T21:53:49,21,79,0,100
2023-05-28T22:05:23,21,79,0,100
2023-05-28T22:16:59,21,79,0,100
2023-05-28T22:28:35,21,79,0,100
2023-05-28T22:40:10,21,79,0,100
2023-05-28T22:51:46,21,79,0,100
2023-05-28T23:03:35,21,79,0,100
2023-05-28T23:15:11,21,79,0,100
2023-05-28T23:26:47,21,79,0,100
2023-05-28T23:38:24,21,79,0,100
2023-05-28T23:50:00,21,79,0,100
2023-05-29T00:01:36,21,79,0,100
2023-05-29T00:13:23,21,79,0,100
2023-05-29T00:25:07,21,79,0,100
2023-05-29T00:36:49,21,79,0,100
2023-05-29T00:48:26,21,79,0,100
2023-05-29T01:00:15,21,79,0,100
2023-05-29T01:11:56,21,79,0,100
2023-05-29T01:23:35,21,79,0,100
2023-05-29T01:35:13,21,79,0,100
2023-05-29T01:46:51,21,79,0,100
2023-05-29T01:58:29,21,79,0,100
2023-05-29T02:10:15,21,79,0,100
2023-05-29T02:21:52,21,79,0,100
2023-05-29T02:33:30,21,79,0,100
2023-05-29T02:45:06,21,79,0,100
2023-05-29T02:56:43,21,79,0,100
2023-05-29T03:08:19,21,79,0,100
2023-05-29T03:19:57,21,79,0,100
2023-05-29T03:31:35,21,79,0,100
2023-05-29T03:43:21,21,79,0,100
2023-05-29T03:54:59,21,79,0,100
2023-05-29T04:06:38,21,79,0,100
2023-05-29T04:18:19,21,79,0,100
2023-05-29T04:29:22,21,79,0,100
2023-05-29T04:41:02,21,79,0,100
2023-05-29T04:54:10,21,79,0,100
2023-05-29T05:05:51,21,79,0,100
2023-05-29T05:17:30,21,79,0,100
2023-05-29T05:29:08,21,79,0,100
2023-05-29T05:40:47,21,79,0,100
2023-05-29T05:52:26,21,79,0,100
2023-05-29T06:04:04,21,79,0,100
2023-05-29T06:15:43,21,79,0,100
2023-05-29T06:27:21,21,79,0,100
2023-05-29T06:38:59,21,79,0,100
2023-05-29T06:50:36,21,79,0,100
2023-05-29T07:02:16,21,79,0,100
2023-05-29T07:13:52,21,79,0,100
2023-05-29T07:25:35,21,79,0,100
2023-05-29T07:37:10,21,79,0,100
2023-05-29T07:48:46,21,79,0,100
2023-05-29T08:00:21,21,79,0,100
2023-05-29T08:11:56,21,79,0,100
2023-05-29T08:23:31,21,79,0,100
2023-05-29T08:35:06,21,79,0,100
2023-05-29T08:46:42,21,79,0,100
2023-05-29T08:58:17,21,79,0,100
2023-05-29T09:09:52,21,79,0,100
2023-05-29T09:21:28,22,78,0,100
2023-05-29T09:33:03,22,78,0,100
2023-05-29T09:44:38,22,78,0,100
2023-05-29T09:56:24,22,78,0,100
2023-05-29T10:07:59,22,78,0,100
2023-05-29T10:19:34,22,78,0,100
2023-05-29T10:31:10,24,76,0,100
2023-05-29T10:42:45,24,76,0,100
2023-05-29T10:54:20,24,76,0,100
2023-05-29T11:05:55,24,76,0,100
2023-05-29T11:17:40,24,76,0,100
2023-05-29T11:29:15,24,76,0,100
2023-05-29T11:40:50,24,76,0,100
2023-05-29T11:52:25,24,76,0,100
2023-05-29T12:04:00,24,76,0,100
2023-05-29T12:15:35,25,75,0,100
2023-05-29T12:27:21,26,74,0,100
2023-05-29T12:38:57,26,74,0,100
2023-05-29T12:50:32,26,74,0,100
2023-05-29T13:02:09,26,74,0,100
2023-05-29T13:13:44,26,74,0,100
2023-05-29T13:25:29,27,73,0,100
2023-05-29T13:37:06,28,72,0,100
2023-05-29T13:48:41,28,72,0,100
2023-05-29T14:00:17,28,72,0,100
2023-05-29T14:12:04,28,72,0,100
2023-05-29T14:23:40,28,72,0,100
2023-05-29T14:35:17,28,72,0,100
2023-05-29T14:46:53,28,72,0,100
2023-05-29T14:58:41,28,72,0,100
2023-05-29T15:10:17,29,71,0,100
2023-05-29T15:21:53,29,71,0,100
2023-05-29T15:33:29,29,71,0,100
2023-05-29T15:45:05,29,71,0,100
2023-05-29T15:56:52,30,70,0,100
2023-05-29T16:08:28,30,70,0,100
2023-05-29T16:20:07,30,70,0,100
2023-05-29T16:31:44,31,69,0,100
2023-05-29T16:43:29,31,69,0,100
2023-05-29T16:55:06,31,69,0,100
2023-05-29T17:06:43,31,69,0,100
2023-05-29T17:18:22,31,69,0,100
2023-05-29T17:29:59,31,69,0,100
2023-05-29T17:41:44,32,68,0,100
2023-05-29T17:53:22,32,68,0,100
2023-05-29T18:04:59,33,67,0,100
2023-05-29T18:16:36,34,66,0,100
2023-05-29T18:28:13,34,66,0,100
2023-05-29T18:40:03,34,66,0,100
2023-05-29T18:51:40,36,64,0,100
2023-05-29T19:03:16,36,64,0,100
2023-05-29T19:14:53,36,64,0,100
2023-05-29T19:26:29,37,63,0,100
2023-05-29T19:38:14,37,63,0,100
2023-05-29T19:49:50,37,63,0,100
2023-05-29T20:01:29,37,63,0,100
2023-05-29T20:13:06,37,63,0,100
2023-05-29T20:24:43,37,63,0,100
2023-05-29T20:36:30,37,63,0,100
2023-05-29T20:48:05,37,63,0,100
2023-05-29T20:59:41,37,63,0,100
2023-05-29T21:11:18,39,61,0,100
2023-05-29T21:22:56,39,61,0,100
2023-05-29T21:34:45,39,61,0,100
2023-05-29T21:46:22,39,61,0,100
2023-05-29T21:58:00,39,61,0,100
2023-05-29T22:09:35,39,61,0,100
2023-05-29T22:21:11,39,61,0,100
2023-05-29T22:32:56,39,61,0,100
2023-05-29T22:44:32,39,61,0,100
2023-05-29T22:56:08,39,61,0,100
2023-05-29T23:07:45,39,61,0,100
2023-05-29T23:19:21,39,61,0,100
2023-05-29T23:30:57,39,61,0,100
2023-05-29T23:42:43,39,61,0,100
2023-05-29T23:54:20,39,61,0,100
2023-05-30T00:05:57,39,61,0,100
2023-05-30T00:17:35,39,61,0,100
2023-05-30T00:29:11,39,61,0,100
2023-05-30T00:40:50,39,61,0,100
2023-05-30T00:52:37,39,61,0,100
2023-05-30T01:04:14,39,61,0,100
2023-05-30T01:15:52,39,61,0,100
2023-05-30T01:27:30,39,61,0,100
2023-05-30T01:39:06,39,61,0,100
2023-05-30T01:50:42,39,61,0,100
2023-05-30T02:02:18,39,61,0,100
2023-05-30T02:13:56,39,61,0,100
2023-05-30T02:25:41,39,61,0,100
2023-05-30T02:37:18,39,61,0,100
2023-05-30T02:48:55,39,61,0,100
2023-05-30T03:00:42,39,61,0,100
2023-05-30T03:12:21,39,61,0,100
2023-05-30T03:23:58,39,61,0,100
2023-05-30T03:35:37,39,61,0,100
2023-05-30T03:47:15,39,61,0,100
2023-05-30T03:58:53,39,61,0,100
2023-05-30T04:10:30,39,61,0,100
2023-05-30T04:32:38,39,61,0,100
2023-05-30T04:44:19,39,61,0,100
2023-05-30T04:55:59,39,61,0,100
2023-05-30T05:07:39,39,61,0,100
2023-05-30T05:19:18,39,61,0,100
2023-05-30T05:30:56,39,61,0,100
2023-05-30T05:42:35,39,61,0,100
2023-05-30T05:54:14,39,61,0,100
2023-05-30T06:05:52,39,61,0,100
2023-05-30T06:17:30,39,61,0,100
2023-05-30T06:29:09,39,61,0,100
2023-05-30T06:40:48,39,61,0,100
2023-05-30T06:52:26,39,61,0,100
2023-05-30T07:04:04,39,61,0,100
2023-05-30T07:15:41,39,61,0,100
2023-05-30T07:27:17,39,61,0,100
2023-05-30T07:38:56,39,61,0,100
2023-05-30T07:50:32,39,61,0,100
2023-05-30T08:02:08,39,61,0,100
2023-05-30T08:13:44,39,61,0,100
2023-05-30T08:25:31,39,61,0,100
2023-05-30T08:37:07,39,61,0,100
2023-05-30T08:48:44,39,61,0,100
2023-05-30T09:00:20,39,61,0,100
2023-05-30T09:11:57,39,61,0,100
2023-05-30T09:23:34,39,61,0,100
2023-05-30T09:35:24,39,61,0,100
2023-05-30T09:47:01,39,61,0,100
2023-05-30T09:58:38,39,61,0,100
2023-05-30T10:10:18,39,61,0,100
2023-05-30T10:21:57,39,61,0,100
2023-05-30T10:33:47,40,60,0,100
2023-05-30T10:45:30,41,59,0,100
2023-05-30T10:57:08,41,59,0,100
2023-05-30T11:09:04,41,59,0,100
2023-05-30T11:20:45,41,59,0,100
2023-05-30T11:32:37,41,59,0,100
2023-05-30T11:44:16,41,59,0,100
2023-05-30T11:55:55,41,59,0,100
2023-05-30T12:07:36,41,59,0,100
2023-05-30T12:19:25,41,59,0,100
2023-05-30T12:31:04,41,59,0,100
2023-05-30T12:42:46,41,59,0,100
2023-05-30T12:54:40,41,59,0,100
2023-05-30T13:06:23,41,59,0,100
2023-05-30T13:18:04,42,58,0,100
2023-05-30T13:29:55,42,58,0,100
2023-05-30T13:41:38,42,58,0,100
2023-05-30T13:53:18,42,58,0,100
2023-05-30T14:05:08,42,58,0,100
2023-05-30T14:16:51,42,58,0,100
2023-05-30T14:28:31,42,58,0,100
2023-05-30T14:40:25,42,58,0,100
2023-05-30T14:52:05,43,57,0,100
2023-05-30T15:03:45,43,57,0,100
2023-05-30T15:15:36,44,56,0,100
2023-05-30T15:27:16,44,56,0,100
2023-05-30T15:38:56,45,55,0,100
2023-05-30T15:50:50,45,55,0,100
2023-05-30T16:02:35,45,55,0,100
2023-05-30T16:14:15,45,55,0,100
2023-05-30T16:26:06,46,54,0,100
2023-05-30T16:37:47,46,54,0,100
2023-05-30T16:49:25,46,54,0,100
2023-05-30T17:01:16,46,54,0,100
2023-05-30T17:12:57,46,54,0,100
2023-05-30T17:24:36,46,54,0,100
2023-05-30T17:36:25,47,53,0,100
2023-05-30T17:48:03,47,53,0,100
2023-05-30T17:59:41,47,53,0,100
2023-05-30T18:11:30,47,53,0,100
2023-05-30T18:23:21,47,53,0,100
2023-05-30T18:35:01,47,53,0,100
2023-05-30T18:46:38,47,53,0,100
2023-05-30T18:58:15,47,53,0,100
2023-05-30T19:10:08,47,53,0,100
2023-05-30T19:21:48,47,53,0,100
2023-05-30T19:33:28,47,53,0,100
2023-05-30T19:45:07,47,53,0,100
2023-05-30T19:56:55,47,53,0,100
2023-05-30T20:08:33,47,53,0,100
2023-05-30T20:20:12,48,52,0,100
2023-05-30T20:31:51,48,52,0,100
2023-05-30T20:43:29,48,52,0,100
2023-05-30T20:55:20,48,52,0,100
2023-05-30T21:06:59,48,52,0,100
2023-05-30T21:18:37,48,52,0,100
2023-05-30T21:30:17,48,52,0,100
2023-05-30T21:42:07,48,52,0,100
2023-05-30T21:53:44,48,52,0,100
2023-05-30T22:05:20,48,52,0,100
2023-05-30T22:17:00,48,52,0,100
2023-05-30T22:28:36,48,52,0,100
2023-05-30T22:40:24,48,52,0,100
2023-05-30T22:52:00,48,52,0,100
2023-05-30T23:03:36,48,52,0,100
2023-05-30T23:15:15,49,51,0,100
2023-05-30T23:26:51,48,52,0,100
2023-05-30T23:38:39,48,52,0,100
2023-05-30T23:50:16,48,52,0,100
2023-05-31T00:01:53,49,51,0,100
2023-05-31T00:13:32,49,51,0,100
2023-05-31T00:25:13,49,51,0,100
2023-05-31T00:36:51,49,51,0,100
2023-05-31T00:48:30,49,51,0,100
2023-05-31T01:00:08,49,51,0,100
2023-05-31T01:11:57,49,51,0,100
2023-05-31T01:23:38,49,51,0,100
2023-05-31T01:35:17,49,51,0,100
2023-05-31T01:46:56,49,51,0,100
2023-05-31T01:58:34,49,51,0,100
2023-05-31T02:10:14,49,51,0,100
2023-05-31T02:21:51,49,51,0,100
2023-05-31T02:33:30,49,51,0,100
2023-05-31T02:45:08,49,51,0,100
2023-05-31T02:56:45,49,51,0,100
2023-05-31T03:08:35,49,51,0,100
2023-05-31T03:20:15,49,51,0,100
2023-05-31T03:31:54,49,51,0,100
2023-05-31T03:43:34,49,51,0,100
2023-05-31T03:55:15,49,51,0,100
2023-05-31T04:07:08,49,51,0,100
2023-05-31T04:29:14,49,51,0,100
2023-05-31T04:42:23,49,51,0,100
2023-05-31T04:54:04,49,51,0,100
2023-05-31T05:05:46,49,51,0,100
2023-05-31T05:17:26,49,51,0,100
2023-05-31T05:29:05,49,51,0,100
2023-05-31T05:40:47,49,51,0,100
2023-05-31T05:52:27,49,51,0,100
2023-05-31T06:04:06,49,51,0,100
2023-05-31T06:15:45,49,51,0,100
2023-05-31T06:27:23,49,51,0,100
2023-05-31T06:39:02,49,51,0,100
2023-05-31T06:50:42,49,51,0,100
2023-05-31T07:02:21,49,51,0,100
2023-05-31T07:13:58,49,51,0,100
2023-05-31T07:25:36,49,51,0,100
2023-05-31T07:37:17,49,51,0,100
2023-05-31T07:48:55,49,51,0,100
2023-05-31T08:00:33,49,51,0,100
2023-05-31T08:12:20,49,51,0,100
2023-05-31T08:23:59,49,51,0,100
2023-05-31T08:35:37,49,51,0,100
2023-05-31T08:47:16,50,50,0,100
2023-05-31T08:58:56,50,50,0,100
2023-05-31T09:10:37,50,50,0,100
2023-05-31T09:22:18,50,50,0,100
2023-05-31T09:33:57,50,50,0,100
2023-05-31T09:45:46,50,50,0,100
2023-05-31T09:57:25,50,50,0,100
2023-05-31T10:09:04,50,50,0,100
2023-05-31T10:20:44,50,50,0,100
2023-05-31T10:32:25,50,50,0,100
2023-05-31T10:44:16,50,50,0,100
2023-05-31T10:55:58,50,50,0,100
2023-05-31T11:07:37,50,50,0,100
2023-05-31T11:19:16,50,50,0,100
2023-05-31T11:31:08,50,50,0,100
2023-05-31T11:42:48,50,50,0,100
2023-05-31T11:54:27,50,50,0,100
2023-05-31T12:06:16,50,50,0,100
2023-05-31T12:17:55,50,50,0,100
2023-05-31T12:29:34,50,50,0,100
2023-05-31T12:41:13,50,50,0,100
2023-05-31T12:53:02,50,50,0,100
2023-05-31T13:04:40,50,50,0,100
2023-05-31T13:16:17,50,50,0,100
2023-05-31T13:27:55,50,50,0,100
2023-05-31T13:39:35,50,50,0,100
2023-05-31T13:51:23,50,50,0,100
2023-05-31T14:03:00,50,50,0,100
2023-05-31T14:14:38,50,50,0,100
2023-05-31T14:26:16,50,50,0,100
2023-05-31T14:37:54,50,50,0,100
2023-05-31T14:49:44,50,50,0,100
2023-05-31T15:01:24,50,50,0,100
2023-05-31T15:13:03,50,50,0,100
2023-05-31T15:24:42,50,50,0,100
2023-05-31T15:36:20,50,50,0,100
2023-05-31T15:48:08,50,50,0,100
2023-05-31T15:59:46,50,50,0,100
2023-05-31T16:11:24,50,50,0,100
2023-05-31T16:23:02,50,50,0,100
2023-05-31T16:34:40,50,50,0,100
2023-05-31T16:46:29,50,50,0,100
2023-05-31T16:58:07,50,50,0,100
2023-05-31T17:09:46,50,50,0,100
2023-05-31T17:21:26,50,50,0,100
2023-05-31T17:33:04,50,50,0,100
2023-05-31T17:44:43,50,50,0,100
2023-05-31T17:56:32,50,50,0,100
2023-05-31T18:08:10,50,50,0,100
2023-05-31T18:19:48,50,50,0,100
2023-05-31T18:31:26,50,50,0,100
2023-05-31T18:43:04,50,50,0,100
2023-05-31T18:54:42,50,50,0,100
2023-05-31T19:06:21,50,50,0,100
2023-05-31T19:17:59,50,50,0,100
2023-05-31T19:29:48,50,50,0,100
2023-05-31T19:41:26,50,50,0,100
2023-05-31T19:53:04,50,50,0,100
2023-05-31T20:04:42,50,50,0,100
2023-05-31T20:16:20,50,50,0,100
2023-05-31T20:27:58,50,50,0,100
2023-05-31T20:39:35,50,50,0,100
2023-05-31T20:51:24,50,50,0,100
2023-05-31T21:03:02,50,50,0,100
2023-05-31T21:14:40,50,50,0,100
2023-05-31T21:26:18,50,50,0,100
2023-05-31T21:37:56,50,50,0,100
2023-05-31T21:49:33,50,50,0,100
2023-05-31T22:01:11,50,50,0,100
2023-05-31T22:13:00,50,50,0,100
2023-05-31T22:24:38,50,50,0,100
2023-05-31T22:36:16,50,50,0,100
2023-05-31T22:47:54,50,50,0,100
2023-05-31T22:59:32,50,50,0,100
2023-05-31T23:11:11,50,50,0,100
2023-05-31T23:22:49,50,50,0,100
2023-05-31T23:34:39,50,50,0,100
2023-05-31T23:46:17,50,50,0,100
2023-05-31T23:57:56,50,50,0,100
2023-06-01T00:09:38,50,50,0,100
2023-06-01T00:21:23,50,50,0,100
2023-06-01T00:33:03,50,50,0,100
2023-06-01T00:44:45,50,50,0,100
2023-06-01T00:56:27,50,50,0,100
2023-06-01T01:08:08,50,50,0,100
2023-06-01T01:19:49,50,50,0,100
2023-06-01T01:31:41,50,50,0,100
2023-06-01T01:43:20,50,50,0,100
2023-06-01T01:55:00,50,50,0,100
2023-06-01T02:06:39,50,50,0,100
2023-06-01T02:18:17,50,50,0,100
2023-06-01T02:29:56,50,50,0,100
2023-06-01T02:41:36,50,50,0,100
2023-06-01T02:53:15,50,50,0,100
2023-06-01T03:04:56,50,50,0,100
2023-06-01T03:16:38,50,50,0,100
2023-06-01T03:28:19,50,50,0,100
2023-06-01T03:40:00,50,50,0,100
2023-06-01T03:51:42,50,50,0,100
2023-06-01T04:03:23,50,50,0,100
2023-06-01T04:15:04,50,50,0,100
2023-06-01T04:28:58,50,50,0,100
2023-06-01T04:40:43,50,50,0,100
2023-06-01T04:54:02,50,50,0,100
2023-06-01T05:05:45,50,50,0,100
2023-06-01T05:17:27,50,50,0,100
2023-06-01T05:29:08,50,50,0,100
2023-06-01T05:40:50,50,50,0,100
2023-06-01T05:52:31,50,50,0,100
2023-06-01T06:04:13,50,50,0,100
2023-06-01T06:15:54,50,50,0,100
2023-06-01T06:27:35,50,50,0,100
2023-06-01T06:39:16,50,50,0,100
2023-06-01T06:50:57,50,50,0,100
2023-06-01T07:02:38,50,50,0,100
2023-06-01T07:14:19,50,50,0,100
2023-06-01T07:25:59,50,50,0,100
2023-06-01T07:37:39,50,50,0,100
2023-06-01T07:49:18,50,50,0,100
2023-06-01T08:00:59,50,50,0,100
2023-06-01T08:12:43,50,50,0,100
2023-06-01T08:24:23,50,50,0,100
2023-06-01T08:36:03,50,50,0,100
2023-06-01T08:47:53,50,50,0,100
2023-06-01T08:59:33,50,50,0,100
2023-06-01T09:11:13,50,50,0,100
2023-06-01T09:22:53,51,49,0,100
2023-06-01T09:34:32,51,49,0,100
2023-06-01T09:46:10,51,49,0,100
2023-06-01T09:57:50,51,49,0,100
2023-06-01T10:09:30,51,49,0,100
2023-06-01T10:21:09,51,49,0,100
2023-06-01T10:32:47,51,49,0,100
2023-06-01T10:44:36,51,49,0,100
2023-06-01T10:56:14,51,49,0,100
2023-06-01T11:07:52,51,49,0,100
2023-06-01T11:19:31,51,49,0,100
2023-06-01T11:31:09,51,49,0,100
2023-06-01T11:42:46,51,49,0,100
2023-06-01T11:54:35,51,49,0,100
2023-06-01T12:06:13,51,49,0,100
2023-06-01T12:17:51,51,49,0,100
2023-06-01T12:29:29,51,49,0,100
2023-06-01T12:41:07,51,49,0,100
2023-06-01T12:52:46,51,49,0,100
2023-06-01T13:04:36,51,49,0,100
2023-06-01T13:16:14,51,49,0,100
2023-06-01T13:27:52,51,49,0,100
2023-06-01T13:39:30,51,49,0,100
2023-06-01T13:51:09,51,49,0,100
2023-06-01T14:02:48,51,49,0,100
2023-06-01T14:14:38,51,49,0,100
2023-06-01T14:26:16,51,49,0,100
2023-06-01T14:37:55,51,49,0,100
2023-06-01T14:49:33,51,49,0,100
2023-06-01T15:01:13,51,49,0,100
2023-06-01T15:12:54,51,49,0,100
2023-06-01T15:24:44,51,49,0,100
2023-06-01T15:36:23,51,49,0,100
2023-06-01T15:48:02,51,49,0,100
2023-06-01T15:59:41,51,49,0,100
2023-06-01T16:11:19,51,49,0,100
2023-06-01T16:22:58,51,49,0,100
2023-06-01T16:34:48,51,49,0,100
2023-06-01T16:46:27,51,49,0,100
2023-06-01T16:58:05,51,49,0,100
2023-06-01T17:09:45,51,49,0,100
2023-06-01T17:21:25,51,49,0,100
2023-06-01T17:33:03,51,49,0,100
2023-06-01T17:44:42,51,49,0,100
2023-06-01T17:56:21,51,49,0,100
2023-06-01T18:08:10,51,49,0,100
2023-06-01T18:19:50,51,49,0,100
2023-06-01T18:31:31,51,49,0,100
2023-06-01T18:43:11,51,49,0,100
2023-06-01T18:54:51,51,49,0,100
2023-06-01T19:06:32,51,49,0,100
2023-06-01T19:18:12,51,49,0,100
2023-06-01T19:29:53,51,49,0,100
2023-06-01T19:41:34,51,49,0,100
2023-06-01T19:53:26,51,49,0,100
2023-06-01T20:05:06,51,49,0,100
2023-06-01T20:16:47,51,49,0,100
2023-06-01T20:28:28,51,49,0,100
2023-06-01T20:40:08,51,49,0,100
2023-06-01T20:51:48,51,49,0,100
2023-06-01T21:03:29,51,49,0,100
2023-06-01T21:15:09,51,49,0,100
2023-06-01T21:26:50,51,49,0,100
2023-06-01T21:38:42,51,49,0,100
2023-06-01T21:50:22,51,49,0,100
2023-06-01T22:02:02,51,49,0,100
2023-06-01T22:13:43,51,49,0,100
2023-06-01T22:25:23,51,49,0,100
2023-06-01T22:37:14,51,49,0,100
2023-06-01T22:48:54,52,48,0,100
2023-06-01T23:00:35,52,48,0,100
2023-06-01T23:12:16,52,48,0,100
2023-06-01T23:23:57,52,48,0,100
2023-06-01T23:35:38,52,48,0,100
2023-06-01T23:47:19,52,48,0,100
2023-06-01T23:58:59,52,48,0,100
2023-06-02T00:10:52,52,48,0,100
2023-06-02T00:22:38,52,48,0,100
2023-06-02T00:34:22,52,48,0,100
2023-06-02T00:46:07,52,48,0,100
2023-06-02T00:57:53,52,48,0,100
2023-06-02T01:09:38,52,48,0,100
2023-06-02T01:21:23,52,48,0,100
2023-06-02T01:33:07,52,48,0,100
2023-06-02T01:44:51,52,48,0,100
2023-06-02T01:56:36,52,48,0,100
2023-06-02T02:08:20,52,48,0,100
2023-06-02T02:20:02,52,48,0,100
2023-06-02T02:31:45,52,48,0,100
2023-06-02T02:43:28,52,48,0,100
2023-06-02T02:55:21,52,48,0,100
2023-06-02T03:07:05,52,48,0,100
2023-06-02T03:18:48,52,48,0,100
2023-06-02T03:30:32,52,48,0,100
2023-06-02T03:42:16,52,48,0,100
2023-06-02T03:53:59,52,48,0,100
2023-06-02T04:05:42,52,48,0,100
2023-06-02T04:26:16,52,48,0,100
2023-06-02T04:39:14,52,48,0,100
2023-06-02T04:51:15,52,48,0,100
2023-06-02T05:02:59,52,48,0,100
2023-06-02T05:14:43,52,48,0,100
2023-06-02T05:26:27,52,48,0,100
2023-06-02T05:38:28,52,48,0,100
2023-06-02T05:50:13,52,48,0,100
2023-06-02T06:01:58,52,48,0,100
2023-06-02T06:13:41,52,48,0,100
2023-06-02T06:25:23,52,48,0,100
2023-06-02T06:37:07,52,48,0,100
2023-06-02T06:48:49,52,48,0,100
2023-06-02T07:00:31,52,48,0,100
2023-06-02T07:12:14,52,48,0,100
2023-06-02T07:23:56,52,48,0,100
2023-06-02T07:35:38,52,48,0,100
2023-06-02T07:47:20,52,48,0,100
2023-06-02T07:59:02,52,48,0,100
2023-06-02T08:10:56,52,48,0,100
2023-06-02T08:22:38,52,48,0,100
2023-06-02T08:34:20,52,48,0,100
2023-06-02T08:46:02,52,48,0,100
2023-06-02T08:57:45,52,48,0,100
2023-06-02T09:09:27,52,48,0,100
2023-06-02T09:21:11,52,48,0,100
2023-06-02T09:32:53,52,48,0,100
2023-06-02T09:44:35,52,48,0,100
2023-06-02T09:56:18,52,48,0,100
2023-06-02T10:07:59,52,48,0,100
2023-06-02T10:19:52,52,48,0,100
2023-06-02T10:31:33,52,48,0,100
2023-06-02T10:43:14,52,48,0,100
2023-06-02T10:54:55,52,48,0,100
2023-06-02T11:06:35,52,48,0,100
2023-06-02T11:18:16,52,48,0,100
2023-06-02T11:29:57,52,48,0,100
2023-06-02T11:41:48,52,48,0,100
2023-06-02T11:53:28,52,48,0,100
2023-06-02T12:05:09,52,48,0,100
2023-06-02T12:16:49,52,48,0,100
2023-06-02T12:28:29,52,48,0,100
2023-06-02T12:40:10,52,48,0,100
2023-06-02T12:51:50,52,48,0,100
2023-06-02T13:03:43,52,48,0,100
2023-06-02T13:15:23,52,48,0,100
2023-06-02T13:27:03,52,48,0,100
2023-06-02T13:38:44,52,48,0,100
2023-06-02T13:50:25,52,48,0,100
2023-06-02T14:02:05,53,47,0,100
2023-06-02T14:13:46,53,47,0,100
2023-06-02T14:25:38,53,47,0,100
2023-06-02T14:37:19,53,47,0,100
2023-06-02T14:48:59,53,47,0,100
2023-06-02T15:00:40,53,47,0,100
2023-06-02T15:12:21,53,47,0,100
2023-06-02T15:24:02,53,47,0,100
2023-06-02T15:35:45,53,47,0,100
2023-06-02T15:47:37,53,47,0,100
2023-06-02T15:59:18,53,47,0,100
2023-06-02T16:11:01,53,47,0,100
2023-06-02T16:22:42,53,47,0,100
2023-06-02T16:34:24,53,47,0,100
2023-06-02T16:46:06,53,47,0,100
2023-06-02T16:57:48,53,47,0,100
2023-06-02T17:09:30,53,47,0,100
2023-06-02T17:21:23,53,47,0,100
2023-06-02T17:33:04,53,47,0,100
2023-06-02T17:44:44,53,47,0,100
2023-06-02T17:56:25,53,47,0,100
2023-06-02T18:08:06,53,47,0,100
2023-06-02T18:19:47,53,47,0,100
2023-06-02T18:31:28,53,47,0,100
2023-06-02T18:43:09,53,47,0,100
2023-06-02T18:54:50,53,47,0,100
2023-06-02T19:06:32,53,47,0,100
2023-06-02T19:18:12,53,47,0,100
2023-06-02T19:30:05,53,47,0,100
2023-06-02T19:41:46,53,47,0,100
2023-06-02T19:53:28,53,47,0,100
2023-06-02T20:05:09,53,47,0,100
2023-06-02T20:16:50,53,47,0,100
2023-06-02T20:28:32,53,47,0,100
2023-06-02T20:40:12,53,47,0,100
2023-06-02T20:51:54,53,47,0,100
2023-06-02T21:03:35,53,47,0,100
2023-06-02T21:15:17,53,47,0,100
2023-06-02T21:27:09,53,47,0,100
2023-06-02T21:38:49,53,47,0,100
2023-06-02T21:50:30,53,47,0,100
2023-06-02T22:02:11,53,47,0,100
2023-06-02T22:13:52,53,47,0,100
2023-06-02T22:25:33,53,47,0,100
2023-06-02T22:37:14,53,47,0,100
2023-06-02T22:48:55,53,47,0,100
2023-06-02T23:00:36,53,47,0,100
2023-06-02T23:12:19,53,47,0,100
2023-06-02T23:24:00,53,47,0,100
2023-06-02T23:35:52,53,47,0,100
2023-06-02T23:47:34,53,47,0,100
2023-06-02T23:59:15,53,47,0,100
2023-06-03T00:11:36,53,47,0,100
2023-06-03T00:23:25,53,47,0,100
2023-06-03T00:35:09,53,47,0,100
2023-06-03T00:46:53,53,47,0,100
2023-06-03T00:58:38,53,47,0,100
2023-06-03T01:10:21,53,47,0,100
2023-06-03T01:22:08,53,47,0,100
2023-06-03T01:33:52,53,47,0,100
2023-06-03T01:45:46,53,47,0,100
2023-06-03T01:57:30,53,47,0,100
2023-06-03T02:09:13,53,47,0,100
2023-06-03T02:20:56,53,47,0,100
2023-06-03T02:32:39,53,47,0,100
2023-06-03T02:44:22,53,47,0,100
2023-06-03T02:56:04,53,47,0,100
2023-06-03T03:07:46,53,47,0,100
2023-06-03T03:19:29,53,47,0,100
2023-06-03T03:31:12,53,47,0,100
2023-06-03T03:42:54,53,47,0,100
2023-06-03T03:54:38,53,47,0,100
2023-06-03T04:06:34,53,47,0,100
2023-06-03T04:21:32,53,47,0,100
2023-06-03T04:33:44,53,47,0,100
2023-06-03T04:45:29,53,47,0,100
2023-06-03T04:57:14,53,47,0,100
2023-06-03T05:08:59,53,47,0,100
2023-06-03T05:20:43,53,47,0,100
2023-06-03T05:32:29,53,47,0,100
2023-06-03T05:44:14,53,47,0,100
2023-06-03T05:55:58,53,47,0,100
2023-06-03T06:07:43,53,47,0,100
2023-06-03T06:19:27,53,47,0,100
2023-06-03T06:31:13,53,47,0,100
2023-06-03T06:43:01,53,47,0,100
2023-06-03T06:54:45,53,47,0,100
2023-06-03T07:06:29,53,47,0,100
2023-06-03T07:18:13,53,47,0,100
2023-06-03T07:30:05,53,47,0,100
2023-06-03T07:41:48,53,47,0,100
2023-06-03T07:53:32,53,47,0,100
2023-06-03T08:05:15,53,47,0,100
2023-06-03T08:16:59,53,47,0,100
2023-06-03T08:28:43,54,46,0,100
2023-06-03T08:40:28,55,45,0,100
2023-06-03T08:52:12,55,45,0,100
2023-06-03T09:03:55,55,45,0,100
2023-06-03T09:15:39,55,45,0,100
2023-06-03T09:27:33,55,45,0,100
2023-06-03T09:39:16,55,45,0,100
2023-06-03T09:50:58,55,45,0,100
2023-06-03T10:02:40,55,45,0,100
2023-06-03T10:14:22,55,45,0,100
2023-06-03T10:26:04,55,45,0,100
2023-06-03T10:37:46,55,45,0,100
2023-06-03T10:49:27,55,45,0,100
2023-06-03T11:01:08,55,45,0,100
2023-06-03T11:12:49,55,45,0,100
2023-06-03T11:24:29,55,45,0,100
2023-06-03T11:36:21,55,45,0,100
2023-06-03T11:48:01,55,45,0,100
2023-06-03T11:59:42,55,45,0,100
2023-06-03T12:11:22,55,45,0,100
2023-06-03T12:23:03,55,45,0,100
2023-06-03T12:34:44,55,45,0,100
2023-06-03T12:46:24,55,45,0,100
2023-06-03T12:58:05,55,45,0,100
2023-06-03T13:09:45,55,45,0,100
2023-06-03T13:21:26,55,45,0,100
2023-06-03T13:33:17,55,45,0,100
2023-06-03T13:44:58,55,45,0,100
2023-06-03T13:56:39,55,45,0,100
2023-06-03T14:08:20,55,45,0,100
2023-06-03T14:20:00,55,45,0,100
2023-06-03T14:31:41,56,44,0,100
2023-06-03T14:43:31,56,44,0,100
2023-06-03T14:55:12,56,44,0,100
2023-06-03T15:06:52,56,44,0,100
2023-06-03T15:18:33,56,44,0,100
2023-06-03T15:30:14,56,44,0,100
2023-06-03T15:41:55,56,44,0,100
2023-06-03T15:53:35,56,44,0,100
2023-06-03T16:05:16,56,44,0,100
2023-06-03T16:16:56,56,44,0,100
2023-06-03T16:28:37,57,43,0,100
2023-06-03T16:40:27,57,43,0,100
2023-06-03T16:52:08,57,43,0,100
2023-06-03T17:03:49,57,43,0,100
2023-06-03T17:15:32,57,43,0,100
2023-06-03T17:27:13,57,43,0,100
2023-06-03T17:38:53,57,43,0,100
2023-06-03T17:50:34,57,43,0,100
2023-06-03T18:02:14,57,43,0,100
2023-06-03T18:13:55,57,43,0,100
2023-06-03T18:25:36,57,43,0,100
2023-06-03T18:37:26,57,43,0,100
2023-06-03T18:49:06,57,43,0,100
2023-06-03T19:00:47,57,43,0,100
2023-06-03T19:12:28,58,42,0,100
2023-06-03T19:24:09,58,42,0,100
2023-06-03T19:35:50,58,42,0,100
2023-06-03T19:47:31,58,42,0,100
2023-06-03T19:59:11,58,42,0,100
2023-06-03T20:10:52,59,41,0,100
2023-06-03T20:22:33,59,41,0,100
2023-06-03T20:34:14,59,41,0,100
2023-06-03T20:46:04,59,41,0,100
2023-06-03T20:57:45,59,41,0,100
2023-06-03T21:09:26,59,41,0,100
2023-06-03T21:21:08,60,40,0,100
2023-06-03T21:32:49,60,40,0,100
2023-06-03T21:44:30,60,40,0,100
2023-06-03T21:56:11,60,40,0,100
2023-06-03T22:07:52,60,40,0,100
2023-06-03T22:19:33,60,40,0,100
2023-06-03T22:31:14,60,40,0,100
2023-06-03T22:42:55,60,40,0,100
2023-06-03T22:54:45,60,40,0,100
2023-06-03T23:06:27,60,40,0,100
2023-06-03T23:18:08,60,40,0,100
2023-06-03T23:29:50,60,40,0,100
2023-06-03T23:41:31,60,40,0,100
2023-06-03T23:53:13,60,40,0,100
2023-06-04T00:04:55,60,40,0,100
2023-06-04T00:16:44,61,39,0,100
2023-06-04T00:28:27,61,39,0,100
2023-06-04T00:40:12,61,39,0,100
2023-06-04T00:51:56,61,39,0,100
2023-06-04T01:03:40,61,39,0,100
2023-06-04T01:15:22,61,39,0,100
2023-06-04T01:27:16,61,39,0,100
2023-06-04T01:39:01,61,39,0,100
2023-06-04T01:50:45,61,39,0,100
2023-06-04T02:02:29,61,39,0,100
2023-06-04T02:14:29,62,38,0,100
2023-06-04T02:26:13,62,38,0,100
2023-06-04T02:37:58,62,38,0,100
2023-06-04T02:49:41,62,38,0,100
2023-06-04T03:01:24,62,38,0,100
2023-06-04T03:13:08,62,38,0,100
2023-06-04T03:24:52,62,38,0,100
2023-06-04T03:36:36,62,38,0,100
2023-06-04T03:48:20,62,38,0,100
2023-06-04T04:00:04,62,38,0,100
2023-06-04T04:11:48,62,38,0,100
2023-06-04T04:27:02,62,38,0,100
2023-06-04T04:39:53,62,38,0,100
2023-06-04T04:51:39,62,38,0,100
2023-06-04T05:03:25,62,38,0,100
2023-06-04T05:15:10,62,38,0,100
2023-06-04T05:26:53,62,38,0,100
2023-06-04T05:38:38,62,38,0,100
2023-06-04T05:50:22,62,38,0,100
2023-06-04T06:02:06,62,38,0,100
2023-06-04T06:13:49,62,38,0,100
2023-06-04T06:25:33,62,38,0,100
2023-06-04T06:37:17,62,38,0,100
2023-06-04T06:49:01,62,38,0,100
2023-06-04T07:00:44,62,38,0,100
2023-06-04T07:12:27,62,38,0,100
2023-06-04T07:24:09,62,38,0,100
2023-06-04T07:35:50,62,38,0,100
2023-06-04T07:47:31,62,38,0,100
2023-06-04T07:59:12,62,38,0,100
2023-06-04T08:11:05,62,38,0,100
2023-06-04T08:22:46,62,38,0,100
2023-06-04T08:34:30,62,38,0,100
2023-06-04T08:46:10,62,38,0,100
2023-06-04T08:57:52,62,38,0,100
2023-06-04T09:09:34,62,38,0,100
2023-06-04T09:21:16,62,38,0,100
2023-06-04T09:32:57,62,38,0,100
2023-06-04T09:44:38,62,38,0,100
2023-06-04T09:56:19,62,38,0,100
2023-06-04T10:08:01,62,38,0,100
2023-06-04T10:19:42,62,38,0,100
2023-06-04T10:31:23,62,38,0,100
2023-06-04T10:43:04,62,38,0,100
2023-06-04T10:54:46,62,38,0,100
2023-06-04T11:06:27,62,38,0,100
2023-06-04T11:18:09,62,38,0,100
2023-06-04T11:30:01,62,38,0,100
2023-06-04T11:41:43,62,38,0,100
2023-06-04T11:53:24,62,38,0,100
2023-06-04T12:05:05,62,38,0,100
2023-06-04T12:16:46,62,38,0,100
2023-06-04T12:28:26,62,38,0,100
2023-06-04T12:40:07,62,38,0,100
2023-06-04T12:51:48,62,38,0,100
2023-06-04T13:03:28,62,38,0,100
2023-06-04T13:15:09,62,38,0,100
2023-06-04T13:26:50,62,38,0,100
2023-06-04T13:38:30,62,38,0,100
2023-06-04T13:50:21,62,38,0,100
2023-06-04T14:02:02,62,38,0,100
2023-06-04T14:13:42,62,38,0,100
2023-06-04T14:25:23,62,38,0,100
2023-06-04T14:37:03,62,38,0,100
2023-06-04T14:48:43,62,38,0,100
2023-06-04T15:00:24,62,38,0,100
2023-06-04T15:12:04,62,38,0,100
2023-06-04T15:23:45,62,38,0,100
2023-06-04T15:35:36,62,38,0,100
2023-06-04T15:47:17,62,38,0,100
2023-06-04T15:58:58,62,38,0,100
2023-06-04T16:10:39,62,38,0,100
2023-06-04T16:22:21,62,38,0,100
2023-06-04T16:34:02,62,38,0,100
2023-06-04T16:45:44,62,38,0,100
2023-06-04T16:57:25,62,38,0,100
2023-06-04T17:09:06,62,38,0,100
2023-06-04T17:20:48,62,38,0,100
2023-06-04T17:32:39,63,37,0,100
2023-06-04T17:44:20,63,37,0,100
2023-06-04T17:56:00,63,37,0,100
2023-06-04T18:07:41,63,37,0,100
2023-06-04T18:19:22,63,37,0,100
2023-06-04T18:31:03,63,37,0,100
2023-06-04T18:42:44,63,37,0,100
2023-06-04T18:54:25,63,37,0,100
2023-06-04T19:06:09,63,37,0,100
2023-06-04T19:17:51,63,37,0,100
2023-06-04T19:29:42,63,37,0,100
2023-06-04T19:41:22,63,37,0,100
2023-06-04T19:53:03,63,37,0,100
2023-06-04T20:04:44,63,37,0,100
2023-06-04T20:16:26,63,37,0,100
2023-06-04T20:28:07,63,37,0,100
2023-06-04T20:39:47,63,37,0,100
2023-06-04T20:51:28,63,37,0,100
2023-06-04T21:03:09,63,37,0,100
2023-06-04T21:14:51,63,37,0,100
2023-06-04T21:26:42,63,37,0,100
2023-06-04T21:38:24,63,37,0,100
2023-06-04T21:50:06,63,37,0,100
2023-06-04T22:01:47,63,37,0,100
2023-06-04T22:13:28,63,37,0,100
2023-06-04T22:25:09,63,37,0,100
2023-06-04T22:36:50,63,37,0,100
2023-06-04T22:48:31,63,37,0,100
2023-06-04T23:00:12,63,37,0,100
2023-06-04T23:12:03,63,37,0,100
2023-06-04T23:23:44,63,37,0,100
2023-06-04T23:35:26,63,37,0,100
2023-06-04T23:47:08,63,37,0,100
2023-06-04T23:58:50,63,37,0,100
2023-06-05T00:10:33,63,37,0,100
2023-06-05T00:22:23,63,37,0,100
2023-06-05T00:34:19,63,37,0,100
2023-06-05T00:46:03,63,37,0,100
2023-06-05T00:57:46,63,37,0,100
2023-06-05T01:09:40,63,37,0,100
2023-06-05T01:21:28,63,37,0,100
2023-06-05T01:33:13,63,37,0,100
2023-06-05T01:44:57,63,37,0,100
2023-06-05T01:56:40,63,37,0,100
2023-06-05T02:08:30,63,37,0,100
2023-06-05T02:20:13,63,37,0,100
2023-06-05T02:31:56,63,37,0,100
2023-06-05T02:43:39,63,37,0,100
2023-06-05T02:55:22,63,37,0,100
2023-06-05T03:07:04,63,37,0,100
2023-06-05T03:18:49,63,37,0,100
2023-06-05T03:30:32,63,37,0,100
2023-06-05T03:42:16,63,37,0,100
2023-06-05T03:54:01,63,37,0,100
2023-06-05T04:05:46,63,37,0,100
2023-06-05T04:17:32,63,37,0,100
2023-06-05T04:30:15,63,37,0,100
2023-06-05T04:43:47,63,37,0,100
2023-06-05T04:55:33,63,37,0,100
2023-06-05T05:07:19,63,37,0,100
2023-06-05T05:19:03,63,37,0,100
2023-06-05T05:30:48,63,37,0,100
2023-06-05T05:42:33,63,37,0,100
2023-06-05T05:54:17,63,37,0,100
2023-06-05T06:06:05,63,37,0,100
2023-06-05T06:17:49,63,37,0,100
2023-06-05T06:29:34,63,37,0,100
2023-06-05T06:41:18,63,37,0,100
2023-06-05T06:53:02,63,37,0,100
2023-06-05T07:04:46,63,37,0,100
2023-06-05T07:16:30,63,37,0,100
2023-06-05T07:28:12,63,37,0,100
2023-06-05T07:39:53,63,37,0,100
2023-06-05T07:51:34,63,37,0,100
2023-06-05T08:03:15,63,37,0,100
2023-06-05T08:14:57,63,37,0,100
2023-06-05T08:26:38,63,37,0,100
2023-06-05T08:38:30,63,37,0,100
2023-06-05T08:50:11,63,37,0,100
2023-06-05T09:01:52,64,36,0,100
2023-06-05T09:13:34,64,36,0,100
2023-06-05T09:25:15,64,36,0,100
2023-06-05T09:36:56,64,36,0,100
2023-06-05T09:48:37,64,36,0,100
2023-06-05T10:00:19,64,36,0,100
2023-06-05T10:12:00,64,36,0,100
2023-06-05T10:23:52,64,36,0,100
2023-06-05T10:35:33,64,36,0,100
2023-06-05T10:47:15,64,36,0,100
2023-06-05T10:58:56,64,36,0,100
2023-06-05T11:10:38,64,36,0,100
2023-06-05T11:22:29,65,35,0,100
2023-06-05T11:34:11,65,35,0,100
2023-06-05T11:45:53,65,35,0,100
2023-06-05T11:57:34,65,35,0,100
2023-06-05T12:09:15,65,35,0,100
2023-06-05T12:21:07,65,35,0,100
2023-06-05T12:32:50,65,35,0,100
2023-06-05T12:44:33,66,34,0,100
2023-06-05T12:56:15,67,33,0,100
2023-06-05T13:07:57,67,33,0,100
2023-06-05T13:19:50,67,33,0,100
2023-06-05T13:31:32,68,32,0,100
2023-06-05T13:43:12,68,32,0,100
2023-06-05T13:54:54,68,32,0,100
2023-06-05T14:06:46,69,31,0,100
2023-06-05T14:18:27,70,30,0,100
2023-06-05T14:30:08,70,30,0,100
2023-06-05T14:41:53,71,29,0,100
2023-06-05T14:53:34,72,28,0,100
2023-06-05T15:05:27,72,28,0,100
2023-06-05T15:17:10,72,28,0,100
2023-06-05T15:28:51,72,28,0,100
2023-06-05T15:40:33,73,27,0,100
2023-06-05T15:52:25,73,27,0,100
2023-06-05T16:04:06,73,27,0,100
2023-06-05T16:15:48,73,27,0,100
2023-06-05T16:27:29,73,27,0,100
2023-06-05T16:39:12,74,26,0,100
2023-06-05T16:50:53,75,25,0,100
2023-06-05T17:02:45,75,25,0,100
2023-06-05T17:14:28,76,24,0,100
2023-06-05T17:26:09,76,24,0,100
2023-06-05T17:37:53,78,22,0,100
2023-06-05T17:49:34,78,22,0,100
2023-06-05T18:01:25,79,21,0,100
2023-06-05T18:13:06,80,20,0,100
2023-06-05T18:24:47,81,19,0,100
2023-06-05T18:36:28,81,19,0,100
2023-06-05T18:48:09,81,19,0,100
2023-06-05T18:59:50,81,19,0,100
2023-06-05T19:11:33,81,19,0,100
2023-06-05T19:23:24,81,19,0,100
2023-06-05T19:35:06,82,18,0,100
2023-06-05T19:46:47,82,18,0,100
2023-06-05T19:58:29,82,18,0,100
2023-06-05T20:10:10,83,17,0,100
2023-06-05T20:21:52,84,16,0,100
2023-06-05T20:33:33,86,14,0,100
2023-06-05T20:45:27,86,14,0,100
2023-06-05T20:57:08,87,13,0,100
2023-06-05T21:08:50,88,12,0,100
2023-06-05T21:20:31,89,11,0,100
2023-06-05T21:32:12,91,9,0,100
2023-06-05T21:43:54,92,8,0,100
2023-06-05T21:55:47,93,7,0,100
2023-06-05T22:07:29,93,7,0,100
2023-06-05T22:19:10,93,7,0,100
2023-06-05T22:30:51,93,7,0,100
2023-06-05T22:42:33,93,7,0,100
2023-06-05T22:54:15,93,7,0,100
2023-06-05T23:05:57,93,7,0,100
2023-06-05T23:17:50,93,7,0,100
2023-06-05T23:29:32,93,7,0,100
2023-06-05T23:41:14,93,7,0,100
2023-06-05T23:52:56,93,7,0,100
2023-06-06T00:04:39,93,7,0,100
2023-06-06T00:16:23,93,7,0,100
2023-06-06T00:28:06,93,7,0,100
2023-06-06T00:39:51,93,7,0,100
2023-06-06T00:51:47,93,7,0,100
2023-06-06T01:03:32,94,6,0,100
2023-06-06T01:15:17,94,6,0,100
2023-06-06T01:27:01,94,6,0,100
2023-06-06T01:38:45,94,6,0,100
2023-06-06T01:50:29,94,6,0,100
2023-06-06T02:02:15,94,6,0,100
2023-06-06T02:13:58,94,6,0,100
2023-06-06T02:25:41,94,6,0,100
2023-06-06T02:37:25,94,6,0,100
2023-06-06T02:49:07,94,6,0,100
2023-06-06T03:00:49,94,6,0,100
2023-06-06T03:12:33,94,6,0,100
2023-06-06T03:24:16,94,6,0,100
2023-06-06T03:35:59,94,6,0,100
2023-06-06T03:47:43,94,6,0,100
2023-06-06T03:59:28,94,6,0,100
2023-06-06T04:11:12,94,6,0,100
2023-06-06T04:27:13,94,6,0,100
2023-06-06T04:39:00,94,6,0,100
2023-06-06T04:52:27,94,6,0,100
2023-06-06T05:04:13,94,6,0,100
2023-06-06T05:15:58,94,6,0,100
2023-06-06T05:27:42,94,6,0,100
2023-06-06T05:39:28,94,6,0,100
2023-06-06T05:51:12,94,6,0,100
2023-06-06T06:02:56,94,6,0,100
2023-06-06T06:14:44,94,6,0,100
2023-06-06T06:26:29,94,6,0,100
2023-06-06T06:38:14,94,6,0,100
2023-06-06T06:49:58,95,5,0,100
2023-06-06T07:01:41,94,6,0,100
2023-06-06T07:13:26,94,6,0,100
2023-06-06T07:25:09,94,6,0,100
2023-06-06T07:36:53,94,6,0,100
2023-06-06T07:48:36,94,6,0,100
2023-06-06T08:00:19,94,6,0,100
2023-06-06T08:12:02,94,6,0,100
2023-06-06T08:23:45,94,6,0,100
2023-06-06T08:35:28,94,6,0,100
2023-06-06T08:47:12,94,6,0,100
2023-06-06T08:59:04,94,6,0,100
2023-06-06T09:10:48,96,4,0,100
2023-06-06T09:22:31,97,3,0,100
2023-06-06T09:34:14,98,2,0,100
2023-06-06T09:45:57,98,2,0,100
2023-06-06T09:57:39,98,2,0,100
2023-06-06T10:09:21,98,2,0,100
2023-06-06T10:21:14,99,1,0,100
2023-06-06T10:32:56,99,1,0,100
2023-06-06T10:44:38,100,0,0,100
2023-06-06T10:56:19,100,0,1,100
2023-06-06T11:08:02,100,0,2,100
2023-06-06T11:19:44,100,0,4,100
2023-06-06T11:31:38,100,0,4,100
2023-06-06T11:43:20,100,0,5,100
2023-06-06T11:55:02,100,0,6,100
2023-06-06T12:06:55,100,0,6,100
2023-06-06T12:18:37,100,0,6,100
2023-06-06T12:30:19,100,0,6,100
2023-06-06T12:42:01,100,0,8,100
2023-06-06T12:53:43,100,0,8,100
2023-06-06T13:05:35,100,0,9,100
2023-06-06T13:17:17,100,0,9,100
2023-06-06T13:29:00,100,0,9,100
2023-06-06T13:40:43,100,0,9,100
2023-06-06T13:52:37,100,0,9,100
2023-06-06T14:04:21,100,0,10,100
2023-06-06T14:16:04,100,0,9,100
2023-06-06T14:27:48,100,0,9,100
2023-06-06T14:39:42,100,0,9,100
2023-06-06T14:51:24,100,0,10,100
2023-06-06T15:03:06,100,0,10,100
2023-06-06T15:14:49,100,0,11,100
2023-06-06T15:26:44,100,0,11,100
2023-06-06T15:38:27,100,0,11,100
2023-06-06T15:50:10,100,0,11,100
2023-06-06T16:01:53,100,0,11,100
2023-06-06T16:13:36,100,0,11,100
2023-06-06T16:25:30,100,0,11,100
2023-06-06T16:37:12,100,0,11,100
2023-06-06T16:48:55,100,0,12,100
2023-06-06T17:00:38,100,0,12,100
2023-06-06T17:12:33,100,0,12,100
2023-06-06T17:24:16,100,0,12,100
2023-06-06T17:35:59,100,0,13,100
2023-06-06T17:47:41,99,1,13,100
2023-06-06T17:59:24,99,1,14,100
2023-06-06T18:11:21,99,1,14,100
2023-06-06T18:23:03,99,1,14,100
2023-06-06T18:34:45,99,1,14,100
2023-06-06T18:46:28,99,1,15,100
2023-06-06T18:58:22,99,1,14,100
2023-06-06T19:10:03,99,1,14,100
2023-06-06T19:21:43,99,1,14,100
2023-06-06T19:33:22,99,1,13,100
2023-06-06T19:45:01,99,1,14,100
2023-06-06T19:56:52,99,1,15,100
2023-06-06T20:08:31,99,1,16,100
2023-06-06T20:20:11,99,1,17,100
2023-06-06T20:31:51,99,1,17,100
2023-06-06T20:43:29,99,1,18,100
2023-06-06T20:55:08,99,1,18,100
2023-06-06T21:06:58,99,1,18,100
2023-06-06T21:18:37,99,1,18,100
2023-06-06T21:30:16,99,1,18,100
2023-06-06T21:41:55,99,1,18,100
2023-06-06T21:53:34,99,1,20,100
2023-06-06T22:05:12,99,1,20,100
2023-06-06T22:17:01,99,1,21,100
2023-06-06T22:28:40,100,0,20,100
2023-06-06T22:40:18,100,0,20,100
2023-06-06T22:51:57,100,0,19,100
2023-06-06T23:03:36,100,0,19,100
2023-06-06T23:15:15,100,0,19,100
2023-06-06T23:26:55,100,0,19,100
2023-06-06T23:38:45,100,0,19,100
2023-06-06T23:50:24,100,0,19,100
2023-06-07T00:02:03,100,0,19,100
2023-06-07T00:13:47,100,0,19,100
2023-06-07T00:25:30,100,0,19,100
2023-06-07T00:37:11,100,0,19,100
2023-06-07T00:48:52,100,0,19,100
2023-06-07T01:00:34,100,0,19,100
2023-06-07T01:12:17,100,0,19,100
2023-06-07T01:24:10,100,0,19,100
2023-06-07T01:35:52,100,0,19,100
2023-06-07T01:47:33,100,0,19,100
2023-06-07T01:59:15,100,0,19,100
2023-06-07T02:10:56,100,0,19,100
2023-06-07T02:22:36,100,0,19,100
2023-06-07T02:34:16,100,0,19,100
2023-06-07T02:45:59,100,0,19,100
2023-06-07T02:57:41,100,0,19,100
2023-06-07T03:09:23,100,0,19,100
2023-06-07T03:21:06,100,0,19,100
2023-06-07T03:32:47,100,0,19,100
2023-06-07T03:44:30,100,0,19,100
2023-06-07T03:56:13,100,0,19,100
2023-06-07T04:07:54,100,0,19,100
2023-06-07T04:18:35,100,0,19,100
2023-06-07T04:30:20,100,0,19,100
2023-06-07T04:43:33,100,0,19,100
2023-06-07T04:55:39,100,0,19,100
2023-06-07T05:07:26,100,0,19,100
2023-06-07T05:19:12,100,0,19,100
2023-06-07T05:30:57,100,0,19,100
2023-06-07T05:42:42,100,0,19,100
2023-06-07T05:54:27,100,0,19,100
2023-06-07T06:06:12,100,0,19,100
2023-06-07T06:17:57,100,0,19,100
2023-06-07T06:29:42,100,0,19,100
2023-06-07T06:41:27,100,0,19,100
2023-06-07T06:53:11,100,0,19,100
2023-06-07T07:04:59,100,0,19,100
2023-06-07T07:16:44,100,0,19,100
2023-06-07T07:28:28,100,0,19,100
2023-06-07T07:40:11,100,0,19,100
2023-06-07T07:51:54,100,0,19,100
2023-06-07T08:03:36,100,0,19,100
2023-06-07T08:15:19,100,0,19,100
2023-06-07T08:27:02,100,0,19,100
2023-06-07T08:38:53,100,0,19,100
2023-06-07T08:50:37,100,0,19,100
2023-06-07T09:02:20,100,0,19,100
2023-06-07T09:14:03,100,0,20,100
2023-06-07T09:25:46,100,0,19,100
2023-06-07T09:37:28,100,0,19,100
2023-06-07T09:49:11,100,0,19,100
2023-06-07T10:01:05,100,0,21,100
2023-06-07T10:12:49,100,0,21,100
2023-06-07T10:24:32,100,0,21,100
2023-06-07T10:36:14,100,0,21,100
2023-06-07T10:47:57,100,0,22,100
2023-06-07T10:59:51,100,0,23,100
2023-06-07T11:11:36,100,0,23,100
2023-06-07T11:23:21,100,0,23,100
2023-06-07T11:35:04,100,0,24,100
2023-06-07T11:47:09,100,0,24,100
2023-06-07T11:58:52,100,0,24,100
2023-06-07T12:10:36,100,0,24,100
2023-06-07T12:22:20,100,0,24,100
2023-06-07T12:34:13,100,0,25,100
2023-06-07T12:45:55,100,0,25,100
2023-06-07T12:57:37,100,0,25,100
2023-06-07T13:09:20,100,0,25,100
2023-06-07T13:21:12,100,0,25,100
2023-06-07T13:32:55,100,0,25,100
2023-06-07T13:44:37,100,0,25,100
2023-06-07T13:56:20,100,0,25,100
2023-06-07T14:08:19,100,0,25,100
2023-06-07T14:20:01,100,0,25,100
2023-06-07T14:31:44,100,0,25,100
2023-06-07T14:43:26,99,1,25,100
2023-06-07T14:55:18,99,1,25,100
2023-06-07T15:07:01,99,1,25,100
2023-06-07T15:18:45,99,1,25,100
2023-06-07T15:30:29,99,1,25,100
2023-06-07T15:42:33,99,1,25,100
2023-06-07T15:54:16,99,1,25,100
2023-06-07T16:05:59,99,1,26,100
2023-06-07T16:17:42,99,1,26,100
2023-06-07T16:29:37,99,1,26,100
2023-06-07T16:41:20,99,1,26,100
2023-06-07T16:53:02,99,1,26,100
2023-06-07T17:04:47,99,1,26,100
2023-06-07T17:16:52,99,1,26,100
2023-06-07T17:28:34,99,1,26,100
2023-06-07T17:40:16,99,1,26,100
2023-06-07T17:51:59,99,1,26,100
2023-06-07T18:03:43,99,1,26,100
2023-06-07T18:15:41,99,1,26,100
2023-06-07T18:27:24,99,1,26,100
2023-06-07T18:39:07,99,1,26,100
2023-06-07T18:50:50,99,1,26,100
2023-06-07T19:02:33,99,1,26,100
2023-06-07T19:14:27,99,1,26,100
2023-06-07T19:26:09,99,1,26,100
2023-06-07T19:37:53,99,1,26,100
2023-06-07T19:49:36,99,1,26,100
2023-06-07T20:01:18,99,1,26,100
2023-06-07T20:13:12,99,1,26,100
2023-06-07T20:24:55,99,1,26,100
2023-06-07T20:36:37,99,1,26,100
2023-06-07T20:48:19,99,1,26,100
2023-06-07T21:00:01,99,1,26,100
2023-06-07T21:11:43,99,1,26,100
2023-06-07T21:23:45,99,1,26,100
2023-06-07T21:35:28,99,1,26,100
2023-06-07T21:47:11,99,1,27,100
2023-06-07T21:58:53,99,1,27,100
2023-06-07T22:10:35,99,1,27,100
2023-06-07T22:22:28,99,1,27,100
2023-06-07T22:34:10,100,0,26,100
2023-06-07T22:45:53,100,0,26,100
2023-06-07T22:57:35,100,0,27,100
2023-06-07T23:09:18,100,0,27,100
2023-06-07T23:21:00,100,0,27,100
2023-06-07T23:32:53,100,0,27,100
2023-06-07T23:44:36,100,0,27,100
2023-06-07T23:56:19,100,0,27,100
2023-06-08T00:08:02,100,0,27,100
2023-06-08T00:19:49,100,0,27,100
2023-06-08T00:31:34,100,0,27,100
2023-06-08T00:43:21,100,0,27,100
2023-06-08T00:55:28,100,0,27,100
2023-06-08T01:07:13,100,0,27,100
2023-06-08T01:18:59,100,0,27,100
2023-06-08T01:30:44,100,0,27,100
2023-06-08T01:42:28,100,0,27,100
2023-06-08T01:54:14,100,0,27,100
2023-06-08T02:06:00,100,0,27,100
2023-06-08T02:17:45,100,0,27,100
2023-06-08T02:29:29,100,0,27,100
2023-06-08T02:41:13,100,0,27,100
2023-06-08T02:52:56,100,0,27,100
2023-06-08T03:04:38,100,0,27,100
2023-06-08T03:16:22,100,0,27,100
2023-06-08T03:28:18,100,0,27,100
2023-06-08T03:40:03,100,0,27,100
2023-06-08T03:51:47,100,0,27,100
2023-06-08T04:03:32,100,0,27,100
2023-06-08T04:15:20,100,0,27,100
2023-06-08T04:31:59,100,0,27,100
2023-06-08T04:44:12,100,0,27,100
2023-06-08T04:56:01,100,0,27,100
2023-06-08T05:07:47,100,0,27,100
2023-06-08T05:19:32,100,0,27,100
2023-06-08T05:31:17,100,0,27,100
2023-06-08T05:43:02,100,0,27,100
2023-06-08T05:56:45,100,0,27,100
2023-06-08T06:08:31,100,0,27,100
2023-06-08T06:20:16,100,0,27,100
2023-06-08T06:32:01,100,0,27,100
2023-06-08T06:43:46,100,0,27,100
2023-06-08T06:55:31,100,0,27,100
2023-06-08T07:07:16,100,0,27,100
2023-06-08T07:19:01,100,0,27,100
2023-06-08T07:30:47,100,0,27,100
2023-06-08T07:42:31,100,0,27,100
2023-06-08T07:54:15,100,0,27,100
2023-06-08T08:06:00,100,0,27,100
2023-06-08T08:17:43,100,0,27,100
2023-06-08T08:29:28,100,0,27,100
2023-06-08T08:41:29,100,0,27,100
2023-06-08T08:53:13,100,0,28,100
2023-06-08T09:04:57,100,0,28,100
2023-06-08T09:16:40,100,0,28,100
2023-06-08T09:28:23,100,0,28,100
2023-06-08T09:40:06,100,0,28,100
2023-06-08T09:51:48,100,0,28,100
2023-06-08T10:03:32,100,0,28,100
2023-06-08T10:15:27,100,0,28,100
2023-06-08T10:27:09,100,0,28,100
2023-06-08T10:38:52,100,0,28,100
2023-06-08T10:50:35,100,0,28,100
2023-06-08T11:02:19,100,0,28,100
2023-06-08T11:14:13,100,0,28,100
2023-06-08T11:25:57,100,0,28,100
2023-06-08T11:37:40,100,0,28,100
2023-06-08T11:49:23,100,0,28,100
2023-06-08T12:01:07,100,0,28,100
2023-06-08T12:13:02,100,0,28,100
2023-06-08T12:24:45,100,0,27,100
2023-06-08T12:36:28,100,0,27,100
2023-06-08T12:48:11,100,0,27,100
2023-06-08T12:59:53,100,0,27,100
2023-06-08T13:11:36,100,0,27,100
2023-06-08T13:23:29,100,0,27,100
2023-06-08T13:35:11,100,0,27,100
2023-06-08T13:46:53,100,0,27,100
2023-06-08T13:58:36,100,0,27,100
2023-06-08T14:10:19,100,0,27,100
2023-06-08T14:22:02,100,0,27,100
2023-06-08T14:33:55,100,0,27,100
2023-06-08T14:45:37,100,0,27,100
2023-06-08T14:57:20,100,0,27,100
2023-06-08T15:09:02,100,0,27,100
2023-06-08T15:20:45,100,0,27,100
2023-06-08T15:32:45,100,0,27,100
2023-06-08T15:44:28,100,0,27,100
2023-06-08T15:56:10,99,1,27,100
2023-06-08T16:07:52,99,1,27,100
2023-06-08T16:19:35,99,1,27,100
2023-06-08T16:31:17,99,1,27,100
2023-06-08T16:42:59,99,1,27,100
2023-06-08T16:54:52,99,1,27,100
2023-06-08T17:06:35,99,1,27,100
2023-06-08T17:18:19,99,1,27,100
2023-06-08T17:30:01,99,1,27,100
2023-06-08T17:41:43,99,1,27,100
2023-06-08T17:53:26,99,1,27,100
2023-06-08T18:05:08,99,1,27,100
2023-06-08T18:17:02,99,1,27,100
2023-06-08T18:28:44,99,1,27,100
2023-06-08T18:40:26,99,1,27,100
2023-06-08T18:52:08,99,1,27,100
2023-06-08T19:03:51,99,1,27,100
2023-06-08T19:15:33,99,1,27,100
2023-06-08T19:27:15,99,1,27,100
2023-06-08T19:38:58,99,1,27,100
2023-06-08T19:58:37,99,1,27,100
2023-06-08T20:10:20,99,1,27,100
2023-06-08T20:22:03,99,1,27,100
2023-06-08T20:33:45,99,1,27,100
2023-06-08T20:45:28,99,1,27,100
2023-06-08T20:57:10,99,1,27,100
2023-06-08T21:08:52,99,1,27,100
2023-06-08T21:20:34,99,1,27,100
2023-06-08T21:32:17,99,1,27,100
2023-06-08T21:43:59,99,1,27,100
2023-06-08T21:55:41,99,1,27,100
2023-06-08T22:07:34,99,1,27,100
2023-06-08T22:19:17,99,1,27,100
2023-06-08T22:30:59,100,0,26,100
2023-06-08T22:42:41,100,0,26,100
2023-06-08T22:54:23,100,0,26,100
2023-06-08T23:06:06,100,0,26,100
2023-06-08T23:17:49,100,0,26,100
2023-06-08T23:29:32,100,0,26,100
2023-06-08T23:41:15,100,0,26,100
2023-06-08T23:52:58,100,0,26,100
2023-06-09T00:04:41,100,0,26,100
2023-06-09T00:16:44,100,0,26,100
2023-06-09T00:28:29,100,0,26,100
2023-06-09T00:40:15,100,0,26,100
2023-06-09T00:52:02,100,0,26,100
2023-06-09T01:03:48,100,0,26,100
2023-06-09T01:15:33,100,0,26,100
2023-06-09T01:27:20,100,0,26,100
2023-06-09T01:39:06,100,0,26,100
2023-06-09T01:50:53,100,0,26,100
2023-06-09T02:02:39,100,0,26,100
2023-06-09T02:14:24,100,0,26,100
2023-06-09T02:26:08,100,0,26,100
2023-06-09T02:37:54,100,0,26,100
2023-06-09T02:50:10,100,0,26,100
2023-06-09T03:01:57,100,0,26,100
2023-06-09T03:13:44,100,0,26,100
2023-06-09T03:25:30,100,0,26,100
2023-06-09T03:37:16,100,0,26,100
2023-06-09T03:49:01,100,0,26,100
2023-06-09T04:00:46,100,0,26,100
2023-06-09T04:25:03,100,0,26,100
2023-06-09T04:37:15,100,0,26,100
2023-06-09T04:49:02,100,0,26,100
2023-06-09T05:00:51,100,0,26,100
2023-06-09T05:12:40,100,0,26,100
2023-06-09T05:24:26,100,0,26,100
2023-06-09T05:36:12,100,0,26,100
2023-06-09T05:47:58,100,0,26,100
2023-06-09T05:59:44,100,0,26,100
2023-06-09T06:11:30,100,0,26,100
2023-06-09T06:23:16,100,0,26,100
2023-06-09T06:35:02,100,0,26,100
2023-06-09T06:46:48,100,0,26,100
2023-06-09T06:58:33,100,0,26,100
2023-06-09T07:10:18,100,0,26,100
2023-06-09T07:22:03,100,0,26,100
2023-06-09T07:33:51,100,0,26,100
2023-06-09T07:45:34,100,0,26,100
2023-06-09T07:57:18,100,0,26,100
2023-06-09T08:09:02,100,0,26,100
2023-06-09T08:20:45,100,0,26,100
2023-06-09T08:32:28,100,0,26,100
2023-06-09T08:44:11,100,0,26,100
2023-06-09T08:55:54,100,0,26,100
2023-06-09T09:07:47,100,0,26,100
2023-06-09T09:19:30,100,0,26,100
2023-06-09T09:31:13,100,0,26,100
2023-06-09T09:42:56,100,0,26,100
2023-06-09T09:54:42,100,0,26,100
2023-06-09T10:06:24,100,0,26,100
2023-06-09T10:18:07,100,0,26,100
2023-06-09T10:29:49,100,0,26,100
2023-06-09T10:41:32,100,0,26,100
2023-06-09T10:53:14,100,0,26,100
2023-06-09T11:04:57,100,0,26,100
2023-06-09T11:16:58,100,0,26,100
2023-06-09T11:28:41,100,0,26,100
2023-06-09T11:40:23,100,0,26,100
2023-06-09T11:52:05,100,0,26,100
2023-06-09T12:03:48,100,0,25,100
2023-06-09T12:15:31,100,0,25,100
2023-06-09T12:27:15,100,0,25,100
2023-06-09T12:38:59,100,0,25,100
2023-06-09T12:50:54,100,0,25,100
2023-06-09T13:02:37,100,0,25,100
2023-06-09T13:14:21,100,0,25,100
2023-06-09T13:26:05,100,0,25,100
2023-06-09T13:37:49,100,0,25,100
2023-06-09T13:49:34,100,0,25,100
2023-06-09T14:01:18,100,0,25,100
2023-06-09T14:13:19,100,0,25,100
2023-06-09T14:25:03,99,1,25,100
2023-06-09T14:36:47,99,1,25,100
2023-06-09T14:48:31,99,1,25,100
2023-06-09T15:00:16,99,1,25,100
2023-06-09T15:12:00,99,1,25,100
2023-06-09T15:23:44,99,1,25,100
2023-06-09T15:35:28,99,1,25,100
2023-06-09T15:47:23,99,1,25,100
2023-06-09T15:59:07,99,1,25,100
2023-06-09T16:10:52,99,1,25,100
2023-06-09T16:22:37,99,1,25,100
2023-06-09T16:34:22,99,1,25,100
2023-06-09T16:46:07,99,1,25,100
2023-06-09T16:57:52,99,1,25,100
2023-06-09T17:09:38,99,1,25,100
2023-06-09T17:21:35,99,1,25,100
2023-06-09T17:33:20,99,1,25,100
2023-06-09T17:45:05,99,1,25,100
2023-06-09T17:56:50,99,1,25,100
2023-06-09T18:08:35,99,1,25,100
2023-06-09T18:20:20,99,1,25,100
2023-06-09T18:32:05,99,1,25,100
2023-06-09T18:43:50,99,1,25,100
2023-06-09T18:55:46,99,1,25,100
2023-06-09T19:07:31,99,1,25,100
2023-06-09T19:19:17,99,1,25,100
2023-06-09T19:31:01,99,1,25,100
2023-06-09T19:42:47,99,1,25,100
2023-06-09T19:54:32,99,1,25,100
2023-06-09T20:06:17,99,1,25,100
2023-06-09T20:18:02,99,1,25,100
2023-06-09T20:30:06,99,1,25,100
2023-06-09T20:41:52,99,1,25,100
2023-06-09T20:53:37,99,1,25,100
2023-06-09T21:05:22,99,1,25,100
2023-06-09T21:17:07,99,1,25,100
2023-06-09T21:28:52,99,1,25,100
2023-06-09T21:40:37,99,1,25,100
2023-06-09T21:52:23,99,1,25,100
2023-06-09T22:04:08,99,1,25,100
2023-06-09T22:15:53,99,1,25,100
2023-06-09T22:27:39,100,0,24,100
2023-06-09T22:39:24,100,0,24,100
2023-06-09T22:51:20,100,0,24,100
2023-06-09T23:03:06,100,0,24,100
2023-06-09T23:14:52,100,0,24,100
2023-06-09T23:26:37,100,0,24,100
2023-06-09T23:38:24,100,0,24,100
2023-06-09T23:50:10,100,0,24,100
2023-06-10T00:01:56,100,0,24,100
2023-06-10T00:13:45,100,0,24,100
2023-06-10T00:25:35,100,0,24,100
2023-06-10T00:37:24,100,0,24,100
2023-06-10T00:49:13,100,0,24,100
2023-06-10T01:01:22,100,0,24,100
2023-06-10T01:13:10,100,0,24,100
2023-06-10T01:25:00,100,0,24,100
2023-06-10T01:36:50,100,0,24,100
2023-06-10T01:48:39,100,0,24,100
2023-06-10T02:00:29,100,0,24,100
2023-06-10T02:12:18,100,0,24,100
2023-06-10T02:24:06,100,0,24,100
2023-06-10T02:35:52,100,0,24,100
2023-06-10T02:47:38,100,0,24,100
2023-06-10T02:59:23,100,0,24,100
2023-06-10T03:11:10,100,0,24,100
2023-06-10T03:22:57,100,0,24,100
2023-06-10T03:34:45,100,0,24,100
2023-06-10T03:46:32,100,0,24,100
2023-06-10T03:58:20,100,0,24,100
2023-06-10T04:10:19,100,0,24,100
2023-06-10T04:28:39,100,0,24,100
2023-06-10T04:41:44,100,0,24,100
2023-06-10T04:53:55,100,0,24,100
2023-06-10T05:05:44,100,0,24,100
2023-06-10T05:17:33,100,0,24,100
2023-06-10T05:29:21,100,0,24,100
2023-06-10T05:41:10,100,0,24,100
2023-06-10T05:52:59,100,0,24,100
2023-06-10T06:04:47,100,0,24,100
2023-06-10T06:16:35,100,0,24,100
2023-06-10T06:28:23,100,0,24,100
2023-06-10T06:40:11,100,0,24,100
2023-06-10T06:52:00,100,0,24,100
2023-06-10T07:03:50,100,0,24,100
2023-06-10T07:15:38,100,0,24,100
2023-06-10T07:27:26,100,0,24,100
2023-06-10T07:39:16,100,0,24,100
2023-06-10T07:51:03,100,0,24,100
2023-06-10T08:02:51,100,0,24,100
2023-06-10T08:14:47,100,0,24,100
2023-06-10T08:26:35,100,0,24,100
2023-06-10T08:38:24,100,0,24,100
2023-06-10T08:50:13,100,0,24,100
2023-06-10T09:02:01,100,0,24,100
2023-06-10T09:13:48,100,0,24,100
2023-06-10T09:25:36,100,0,24,100
2023-06-10T09:37:24,100,0,24,100
2023-06-10T09:49:12,100,0,24,100
2023-06-10T10:00:59,100,0,24,100
2023-06-10T10:12:45,100,0,24,100
2023-06-10T10:24:31,100,0,24,100
2023-06-10T10:36:17,100,0,24,100
2023-06-10T10:48:04,100,0,24,100
2023-06-10T11:00:01,100,0,24,100
2023-06-10T11:11:47,100,0,24,100
2023-06-10T11:23:32,100,0,24,100
2023-06-10T11:35:17,100,0,24,100
2023-06-10T11:47:02,100,0,24,100
2023-06-10T11:58:46,100,0,24,100
2023-06-10T12:10:31,100,0,24,100
2023-06-10T12:22:16,100,0,24,100
2023-06-10T12:34:01,100,0,24,100
2023-06-10T12:45:46,100,0,24,100
2023-06-10T12:57:31,100,0,24,100
2023-06-10T13:09:16,100,0,24,100
2023-06-10T13:21:01,100,0,24,100
2023-06-10T13:32:55,100,0,24,100
2023-06-10T13:44:40,100,0,24,100
2023-06-10T13:56:25,100,0,24,100
2023-06-10T14:08:10,100,0,24,100
2023-06-10T14:19:55,100,0,24,100
2023-06-10T14:31:40,100,0,24,100
2023-06-10T14:43:25,100,0,24,100
2023-06-10T14:55:10,100,0,24,100
2023-06-10T15:06:54,100,0,24,100
2023-06-10T15:18:39,100,0,24,100
2023-06-10T15:30:24,100,0,24,100
2023-06-10T15:42:09,100,0,24,100
2023-06-10T15:53:54,100,0,24,100
2023-06-10T16:05:49,100,0,24,100
2023-06-10T16:17:33,100,0,24,100
2023-06-10T16:29:18,100,0,24,100
2023-06-10T16:41:02,100,0,24,100
2023-06-10T16:52:47,100,0,24,100
2023-06-10T17:04:33,100,0,24,100
2023-06-10T17:16:19,100,0,24,100
2023-06-10T17:28:04,100,0,24,100
2023-06-10T17:39:49,100,0,24,100
2023-06-10T17:51:34,100,0,24,100
2023-06-10T18:03:29,100,0,24,100
2023-06-10T18:15:14,100,0,24,100
2023-06-10T18:26:59,100,0,24,100
2023-06-10T18:38:44,100,0,24,100
2023-06-10T18:50:29,100,0,24,100
2023-06-10T19:02:14,100,0,24,100
2023-06-10T19:14:00,100,0,24,100
2023-06-10T19:25:45,100,0,24,100
2023-06-10T19:37:30,100,0,24,100
2023-06-10T19:49:15,100,0,24,100
2023-06-10T20:01:00,100,0,24,100
2023-06-10T20:12:45,100,0,24,100
2023-06-10T20:24:30,100,0,24,100
2023-06-10T20:36:15,100,0,24,100
2023-06-10T20:48:10,100,0,24,100
2023-06-10T20:59:55,100,0,24,100
2023-06-10T21:11:40,100,0,24,100
2023-06-10T21:23:25,100,0,24,100
2023-06-10T21:35:10,100,0,24,100
2023-06-10T21:46:55,100,0,24,100
2023-06-10T21:58:40,100,0,24,100
2023-06-10T22:10:25,100,0,24,100
2023-06-10T22:22:10,100,0,24,100
2023-06-10T22:33:55,100,0,24,100
2023-06-10T22:45:39,100,0,24,100
2023-06-10T22:57:24,100,0,24,100
2023-06-10T23:09:10,100,0,24,100
2023-06-10T23:20:55,100,0,24,100
2023-06-10T23:32:50,100,0,24,100
2023-06-10T23:44:35,100,0,24,100
2023-06-10T23:56:20,100,0,24,100
2023-06-11T00:08:07,100,0,24,100
2023-06-11T00:20:04,100,0,24,100
2023-06-11T00:31:51,100,0,24,100
2023-06-11T00:43:40,100,0,24,100
2023-06-11T00:55:30,100,0,24,100
2023-06-11T01:07:17,100,0,24,100
2023-06-11T01:19:03,100,0,24,100
2023-06-11T01:30:52,100,0,24,100
2023-06-11T01:42:40,100,0,24,100
2023-06-11T01:54:28,100,0,24,100
2023-06-11T02:06:17,100,0,24,100
2023-06-11T02:18:06,100,0,24,100
2023-06-11T02:29:53,100,0,24,100
2023-06-11T02:41:42,100,0,24,100
2023-06-11T02:53:29,100,0,24,100
2023-06-11T03:05:17,100,0,24,100
2023-06-11T03:17:05,100,0,24,100
2023-06-11T03:29:03,100,0,24,100
2023-06-11T03:40:52,100,0,24,100
2023-06-11T03:52:40,100,0,24,100
2023-06-11T04:04:29,100,0,24,100
2023-06-11T04:30:35,100,0,24,100
2023-06-11T04:42:25,100,0,24,100
2023-06-11T04:55:49,100,0,24,100
2023-06-11T05:07:39,100,0,24,100
2023-06-11T05:19:27,100,0,24,100
2023-06-11T05:31:14,100,0,24,100
2023-06-11T05:43:03,100,0,24,100
2023-06-11T05:54:52,100,0,24,100
2023-06-11T06:06:39,100,0,24,100
2023-06-11T06:18:27,100,0,24,100
2023-06-11T06:30:17,100,0,24,100
2023-06-11T06:42:05,100,0,24,100
2023-06-11T06:53:52,100,0,24,100
2023-06-11T07:05:39,100,0,24,100
2023-06-11T07:17:26,100,0,24,100
2023-06-11T07:29:11,100,0,24,100
2023-06-11T07:40:56,100,0,24,100
2023-06-11T07:52:41,100,0,24,100
2023-06-11T08:04:27,100,0,24,100
2023-06-11T08:16:16,100,0,24,100
2023-06-11T08:28:03,100,0,24,100
2023-06-11T08:39:48,100,0,24,100
2023-06-11T08:51:33,100,0,24,100
2023-06-11T09:03:18,100,0,24,100
2023-06-11T09:15:04,100,0,24,100
2023-06-11T09:26:49,100,0,24,100
2023-06-11T09:38:42,100,0,24,100
2023-06-11T09:50:26,100,0,24,100
2023-06-11T10:02:12,100,0,24,100
2023-06-11T10:13:57,100,0,24,100
2023-06-11T10:25:42,100,0,24,100
2023-06-11T10:37:27,100,0,24,100
2023-06-11T10:49:12,100,0,24,100
2023-06-11T11:00:58,100,0,24,100
2023-06-11T11:12:44,100,0,24,100
2023-06-11T11:24:30,100,0,24,100
2023-06-11T11:36:17,100,0,24,100
2023-06-11T11:48:03,100,0,24,100
2023-06-11T11:59:49,100,0,24,100
2023-06-11T12:11:36,100,0,24,100
2023-06-11T12:23:21,100,0,24,100
2023-06-11T12:35:15,100,0,24,100
2023-06-11T12:47:01,100,0,24,100
2023-06-11T12:58:46,100,0,24,100
2023-06-11T13:10:31,100,0,24,100
2023-06-11T13:22:16,100,0,24,100
2023-06-11T13:34:00,100,0,24,100
2023-06-11T13:45:46,100,0,24,100
2023-06-11T13:57:31,100,0,24,100
2023-06-11T14:09:16,100,0,24,100
2023-06-11T14:21:00,100,0,24,100
2023-06-11T14:32:45,100,0,24,100
2023-06-11T14:44:41,100,0,24,100
2023-06-11T14:56:26,100,0,24,100
2023-06-11T15:08:10,100,0,24,100
2023-06-11T15:19:55,100,0,24,100
2023-06-11T15:31:39,100,0,24,100
2023-06-11T15:43:24,100,0,24,100
2023-06-11T15:55:08,100,0,24,100
2023-06-11T16:06:54,100,0,24,100
2023-06-11T16:18:40,100,0,24,100
2023-06-11T16:30:26,100,0,24,100
2023-06-11T16:42:20,100,0,24,100
2023-06-11T16:54:05,100,0,24,100
2023-06-11T17:05:50,100,0,24,100
2023-06-11T17:17:35,100,0,24,100
2023-06-11T17:29:22,100,0,24,100
2023-06-11T17:41:06,100,0,24,100
2023-06-11T17:52:51,100,0,24,100
2023-06-11T18:04:35,100,0,24,100
2023-06-11T18:16:20,100,0,24,100
2023-06-11T18:28:05,100,0,24,100
2023-06-11T18:40:00,100,0,24,100
2023-06-11T18:51:45,100,0,24,100
2023-06-11T19:03:31,100,0,24,100
2023-06-11T19:15:17,100,0,24,100
2023-06-11T19:27:02,100,0,24,100
2023-06-11T19:38:48,100,0,24,100
2023-06-11T19:50:33,100,0,24,100
2023-06-11T20:02:17,100,0,24,100
2023-06-11T20:14:02,100,0,24,100
2023-06-11T20:25:47,100,0,24,100
2023-06-11T20:37:32,100,0,24,100
2023-06-11T20:49:26,100,0,24,100
2023-06-11T21:01:11,100,0,24,100
2023-06-11T21:12:57,100,0,24,100
2023-06-11T21:24:42,100,0,24,100
2023-06-11T21:36:28,100,0,24,100
2023-06-11T21:48:14,100,0,24,100
2023-06-11T21:59:59,100,0,24,100
2023-06-11T22:11:44,100,0,24,100
2023-06-11T22:23:29,100,0,24,100
2023-06-11T22:35:14,100,0,24,100
2023-06-11T22:47:00,100,0,24,100
2023-06-11T22:58:56,100,0,24,100
2023-06-11T23:10:41,100,0,24,100
2023-06-11T23:22:27,100,0,24,100
2023-06-11T23:34:12,100,0,24,100
2023-06-11T23:45:59,100,0,24,100
2023-06-11T23:57:44,100,0,24,100
2023-06-12T00:09:31,100,0,24,100
2023-06-12T00:21:24,100,0,24,100
2023-06-12T00:33:20,100,0,24,100
2023-06-12T00:45:20,100,0,24,100
2023-06-12T00:57:08,100,0,24,100
2023-06-12T01:08:54,100,0,24,100
2023-06-12T01:20:44,100,0,24,100
2023-06-12T01:32:33,100,0,24,100
2023-06-12T01:44:21,100,0,24,100
2023-06-12T01:56:09,100,0,24,100
2023-06-12T02:07:57,100,0,24,100
2023-06-12T02:19:45,100,0,24,100
2023-06-12T02:31:31,100,0,24,100
2023-06-12T02:43:19,100,0,24,100
2023-06-12T02:55:06,100,0,24,100
2023-06-12T03:06:52,100,0,24,100
2023-06-12T03:18:40,100,0,24,100
2023-06-12T03:30:30,100,0,24,100
2023-06-12T03:42:20,100,0,24,100
2023-06-12T03:54:09,100,0,24,100
2023-06-12T04:05:57,100,0,24,100
2023-06-12T04:27:11,100,0,24,100
2023-06-12T04:39:02,100,0,24,100
2023-06-12T04:52:29,100,0,24,100
2023-06-12T05:04:21,100,0,24,100
2023-06-12T05:16:13,100,0,24,100
2023-06-12T05:27:58,100,0,24,100
2023-06-12T05:39:44,100,0,24,100
2023-06-12T05:51:32,100,0,24,100
2023-06-12T06:03:22,100,0,24,100
2023-06-12T06:15:11,100,0,24,100
2023-06-12T06:27:00,100,0,24,100
2023-06-12T06:38:49,100,0,24,100
2023-06-12T06:50:37,100,0,24,100
2023-06-12T07:02:27,100,0,24,100
2023-06-12T07:14:17,100,0,24,100
2023-06-12T07:26:05,100,0,24,100
2023-06-12T07:37:51,100,0,24,100
2023-06-12T07:49:38,100,0,24,100
2023-06-12T08:01:25,100,0,24,100
2023-06-12T08:13:12,100,0,24,100
2023-06-12T08:25:00,100,0,24,100
2023-06-12T08:36:47,100,0,24,100
2023-06-12T08:48:33,100,0,24,100
2023-06-12T09:00:28,100,0,24,100
2023-06-12T09:12:13,100,0,24,100
2023-06-12T09:23:58,100,0,24,100
2023-06-12T09:35:43,100,0,24,100
2023-06-12T09:47:28,100,0,24,100
2023-06-12T09:59:14,100,0,24,100
2023-06-12T10:10:59,100,0,24,100
2023-06-12T10:22:44,100,0,24,100
2023-06-12T10:34:29,100,0,24,100
2023-06-12T10:46:15,100,0,24,100
2023-06-12T10:58:00,100,0,24,100
2023-06-12T11:09:56,100,0,24,100
2023-06-12T11:21:41,100,0,24,100
2023-06-12T11:33:26,100,0,24,100
2023-06-12T11:45:11,100,0,24,100
2023-06-12T11:56:58,100,0,24,100
2023-06-12T12:08:44,100,0,24,100
2023-06-12T12:20:30,100,0,24,100
2023-06-12T12:32:15,100,0,24,100
2023-06-12T12:44:11,100,0,24,100
2023-06-12T12:55:56,100,0,24,100
2023-06-12T13:07:42,100,0,24,100
2023-06-12T13:19:28,99,1,24,100
2023-06-12T13:31:13,99,1,24,100
2023-06-12T13:42:59,99,1,24,100
2023-06-12T13:54:44,99,1,24,100
2023-06-12T14:06:40,99,1,24,100
2023-06-12T14:18:25,99,1,24,100
2023-06-12T14:30:11,99,1,24,100
2023-06-12T14:41:56,99,1,24,100
2023-06-12T14:53:41,99,1,24,100
2023-06-12T15:05:26,99,1,24,100
2023-06-12T15:17:11,99,1,24,100
2023-06-12T15:28:57,99,1,24,100
2023-06-12T15:40:53,99,1,24,100
2023-06-12T15:52:39,99,1,24,100
2023-06-12T16:04:24,99,1,24,100
2023-06-12T16:16:10,99,1,24,100
2023-06-12T16:27:54,99,1,24,100
2023-06-12T16:39:39,99,1,24,100
2023-06-12T16:51:25,99,1,24,100
2023-06-12T17:03:21,99,1,24,100
2023-06-12T17:15:08,99,1,24,100
2023-06-12T17:26:54,99,1,24,100
2023-06-12T17:38:40,99,1,24,100
2023-06-12T17:50:25,99,1,24,100
2023-06-12T18:02:10,99,1,24,100
2023-06-12T18:13:55,99,1,24,100
2023-06-12T18:25:50,99,1,24,100
2023-06-12T18:37:35,99,1,24,100
2023-06-12T18:49:20,99,1,24,100
2023-06-12T19:01:06,99,1,24,100
2023-06-12T19:12:51,99,1,24,100
2023-06-12T19:24:36,99,1,24,100
2023-06-12T19:36:22,99,1,24,100
2023-06-12T19:48:07,99,1,24,100
2023-06-12T20:00:02,99,1,24,100
2023-06-12T20:11:47,99,1,24,100
2023-06-12T20:23:32,99,1,24,100
2023-06-12T20:35:18,99,1,24,100
2023-06-12T20:47:02,99,1,24,100
2023-06-12T20:58:48,99,1,24,100
2023-06-12T21:10:32,99,1,24,100
2023-06-12T21:22:29,99,1,24,100
2023-06-12T21:34:14,99,1,24,100
2023-06-12T21:46:00,99,1,24,100
2023-06-12T21:57:45,99,1,24,100
2023-06-12T22:09:31,99,1,24,100
2023-06-12T22:21:17,99,1,24,100
2023-06-12T22:33:03,100,0,23,100
2023-06-12T22:44:48,100,0,23,100
2023-06-12T22:56:33,100,0,23,100
2023-06-12T23:08:20,100,0,23,100
2023-06-12T23:20:16,100,0,23,100
2023-06-12T23:32:02,100,0,23,100
2023-06-12T23:43:48,100,0,23,100
2023-06-12T23:55:34,100,0,23,100
2023-06-13T00:07:21,100,0,23,100
2023-06-13T00:19:11,100,0,23,100
2023-06-13T00:31:01,100,0,23,100
2023-06-13T00:42:49,100,0,23,100
2023-06-13T00:54:38,100,0,23,100
2023-06-13T01:06:27,100,0,23,100
2023-06-13T01:18:17,100,0,23,100
2023-06-13T01:30:06,100,0,23,100
2023-06-13T01:41:54,100,0,23,100
2023-06-13T01:53:52,100,0,23,100
2023-06-13T02:05:39,100,0,23,100
2023-06-13T02:17:24,100,0,23,100
2023-06-13T02:29:09,100,0,23,100
2023-06-13T02:40:55,100,0,23,100
2023-06-13T02:52:41,100,0,23,100
2023-06-13T03:04:30,100,0,23,100
2023-06-13T03:16:18,100,0,23,100
2023-06-13T03:28:05,100,0,23,100
2023-06-13T03:39:53,100,0,23,100
2023-06-13T03:51:40,100,0,23,100
2023-06-13T04:03:28,100,0,23,100
2023-06-13T04:21:01,100,0,23,100
2023-06-13T04:32:50,100,0,23,100
2023-06-13T04:46:02,100,0,23,100
2023-06-13T04:58:10,100,0,23,100
2023-06-13T05:09:58,100,0,23,100
2023-06-13T05:21:50,100,0,23,100
2023-06-13T05:33:46,100,0,23,100
2023-06-13T05:45:36,100,0,23,100
2023-06-13T05:57:25,100,0,23,100
2023-06-13T06:09:14,100,0,23,100
2023-06-13T06:21:02,100,0,23,100
2023-06-13T06:32:50,100,0,23,100
2023-06-13T06:44:39,100,0,23,100
2023-06-13T06:56:27,100,0,23,100
2023-06-13T07:08:15,100,0,23,100
2023-06-13T07:20:04,100,0,23,100
2023-06-13T07:31:50,100,0,23,100
2023-06-13T07:43:36,100,0,23,100
2023-06-13T07:55:23,100,0,23,100
2023-06-13T08:07:11,100,0,23,100
2023-06-13T08:18:59,100,0,23,100
2023-06-13T08:30:46,100,0,23,100
2023-06-13T08:42:41,100,0,23,100
2023-06-13T08:54:27,100,0,23,100
2023-06-13T09:06:15,100,0,23,100
2023-06-13T09:18:03,100,0,23,100
2023-06-13T09:29:50,100,0,23,100
2023-06-13T09:41:36,100,0,23,100
2023-06-13T09:53:24,100,0,23,100
2023-06-13T10:05:11,100,0,23,100
2023-06-13T10:16:58,100,0,23,100
2023-06-13T10:29:01,100,0,23,100
2023-06-13T10:40:47,100,0,23,100
2023-06-13T10:52:33,100,0,23,100
2023-06-13T11:04:19,100,0,23,100
2023-06-13T11:16:04,100,0,23,100
2023-06-13T11:27:51,100,0,23,100
2023-06-13T11:39:36,100,0,23,100
2023-06-13T11:51:22,100,0,23,100
2023-06-13T12:03:19,100,0,23,100
2023-06-13T12:15:06,100,0,23,100
2023-06-13T12:26:52,100,0,23,100
2023-06-13T12:38:38,100,0,23,100
2023-06-13T12:50:24,100,0,23,100
2023-06-13T13:02:09,100,0,23,100
2023-06-13T13:13:55,100,0,23,100
2023-06-13T13:25:41,100,0,23,100
2023-06-13T13:37:26,100,0,23,100
2023-06-13T13:49:25,100,0,23,100
2023-06-13T14:01:11,100,0,23,100
2023-06-13T14:13:00,100,0,23,100
2023-06-13T14:24:46,100,0,23,100
2023-06-13T14:36:34,100,0,23,100
2023-06-13T14:48:21,100,0,23,100
2023-06-13T15:00:08,100,0,23,100
2023-06-13T15:11:56,100,0,23,100
2023-06-13T15:23:55,100,0,23,100
2023-06-13T15:35:43,100,0,23,100
2023-06-13T15:47:30,100,0,23,100
2023-06-13T15:59:17,100,0,23,100
2023-06-13T16:11:04,100,0,23,100
2023-06-13T16:22:51,100,0,23,100
2023-06-13T16:34:39,100,0,23,100
2023-06-13T16:46:25,100,0,23,100
2023-06-13T16:58:23,100,0,23,100
2023-06-13T17:10:11,100,0,23,100
2023-06-13T17:21:59,100,0,23,100
2023-06-13T17:33:47,100,0,23,100
2023-06-13T17:45:35,100,0,23,100
2023-06-13T17:57:22,100,0,23,100
2023-06-13T18:09:09,100,0,23,100
2023-06-13T18:20:56,100,0,23,100
2023-06-13T18:32:43,100,0,23,100
2023-06-13T18:44:30,100,0,23,100
2023-06-13T18:56:27,100,0,23,100
2023-06-13T19:08:14,100,0,23,100
2023-06-13T19:20:01,100,0,23,100
2023-06-13T19:31:49,100,0,23,100
2023-06-13T19:43:36,100,0,23,100
2023-06-13T19:55:22,100,0,23,100
2023-06-13T20:07:10,100,0,23,100
2023-06-13T20:18:58,100,0,23,100
2023-06-13T20:30:45,100,0,23,100
2023-06-13T20:42:44,100,0,23,100
2023-06-13T20:54:31,100,0,23,100
2023-06-13T21:06:18,100,0,23,100
2023-06-13T21:18:04,100,0,23,100
2023-06-13T21:29:52,100,0,23,100
2023-06-13T21:41:39,100,0,23,100
2023-06-13T21:53:26,100,0,23,100
2023-06-13T22:05:14,100,0,23,100
2023-06-13T22:17:07,100,0,23,100
2023-06-13T22:28:53,100,0,23,100
2023-06-13T22:40:51,100,0,23,100
2023-06-13T22:52:38,100,0,23,100
2023-06-13T23:04:26,100,0,23,100
2023-06-13T23:16:14,100,0,23,100
2023-06-13T23:28:02,100,0,23,100
2023-06-13T23:39:49,100,0,23,100
2023-06-13T23:51:37,100,0,23,100
2023-06-14T00:03:26,100,0,23,100
2023-06-14T00:15:17,100,0,24,100
2023-06-14T00:27:08,100,0,24,100
2023-06-14T00:38:58,100,0,24,100
2023-06-14T00:50:49,100,0,24,100
2023-06-14T01:02:51,100,0,24,100
2023-06-14T01:14:42,100,0,24,100
2023-06-14T01:26:33,100,0,24,100
2023-06-14T01:38:25,100,0,24,100
2023-06-14T01:50:18,100,0,24,100
2023-06-14T02:02:09,100,0,24,100
2023-06-14T02:13:59,100,0,24,100
2023-06-14T02:25:49,100,0,24,100
2023-06-14T02:37:38,100,0,24,100
2023-06-14T02:49:29,100,0,24,100
2023-06-14T03:01:20,100,0,24,100
2023-06-14T03:13:11,100,0,24,100
2023-06-14T03:25:13,100,0,24,100
2023-06-14T03:37:05,100,0,24,100
2023-06-14T03:48:56,100,0,24,100
2023-06-14T04:00:46,100,0,24,100
2023-06-14T04:12:48,100,0,24,100
2023-06-14T04:29:11,100,0,24,100
2023-06-14T04:41:29,100,0,24,100
2023-06-14T04:53:22,100,0,24,100
2023-06-14T05:05:14,100,0,24,100
2023-06-14T05:17:05,100,0,24,100
2023-06-14T05:28:55,100,0,24,100
2023-06-14T05:40:47,100,0,24,100
2023-06-14T05:52:38,100,0,24,100
2023-06-14T06:04:29,100,0,24,100
2023-06-14T06:16:20,100,0,24,100
2023-06-14T06:28:11,100,0,24,100
2023-06-14T06:40:06,100,0,24,100
2023-06-14T06:52:04,100,0,24,100
2023-06-14T07:03:54,100,0,24,100
2023-06-14T07:15:44,100,0,24,100
2023-06-14T07:27:46,100,0,24,100
2023-06-14T07:39:34,100,0,24,100
2023-06-14T07:51:24,100,0,24,100
2023-06-14T08:03:14,100,0,24,100
2023-06-14T08:15:03,100,0,24,100
2023-06-14T08:27:01,100,0,24,100
2023-06-14T08:38:52,100,0,24,100
2023-06-14T08:50:41,100,0,24,100
2023-06-14T09:02:29,100,0,24,100
2023-06-14T09:14:17,100,0,24,100
2023-06-14T09:26:06,100,0,24,100
2023-06-14T09:37:54,100,0,24,100
2023-06-14T09:49:42,100,0,24,100
2023-06-14T10:01:42,100,0,24,100
2023-06-14T10:13:32,100,0,24,100
2023-06-14T10:25:21,100,0,24,100
2023-06-14T10:37:10,100,0,24,100
2023-06-14T10:48:59,100,0,24,100
2023-06-14T11:00:48,100,0,24,100
2023-06-14T11:12:38,100,0,24,100
2023-06-14T11:24:29,100,0,24,100
2023-06-14T11:36:29,100,0,24,100
2023-06-14T11:48:19,100,0,24,100
2023-06-14T12:00:08,100,0,24,100
2023-06-14T12:11:57,100,0,24,100
2023-06-14T12:23:45,100,0,24,100
2023-06-14T12:35:34,100,0,24,100
2023-06-14T12:47:22,100,0,24,100
2023-06-14T12:59:11,100,0,24,100
2023-06-14T13:11:00,100,0,24,100
2023-06-14T13:23:01,100,0,24,100
2023-06-14T13:34:52,100,0,24,100
2023-06-14T13:46:47,100,0,24,100
2023-06-14T13:58:47,100,0,24,100
2023-06-14T14:10:52,100,0,24,100
2023-06-14T14:23:01,100,0,24,100
2023-06-14T14:35:17,100,0,24,100
2023-06-14T14:47:33,100,0,24,100
2023-06-14T14:59:58,100,0,24,100
2023-06-14T15:12:12,100,0,24,100
2023-06-14T15:24:27,100,0,24,100
2023-06-14T15:36:42,100,0,24,100
2023-06-14T15:48:57,100,0,24,100
2023-06-14T16:01:12,100,0,24,100
2023-06-14T16:13:28,100,0,24,100
2023-06-14T16:25:53,100,0,24,100
2023-06-14T16:38:08,100,0,24,100
2023-06-14T16:50:23,100,0,24,100
2023-06-14T17:02:38,100,0,24,100
2023-06-14T17:14:55,100,0,24,100
2023-06-14T17:27:09,100,0,24,100
2023-06-14T17:39:24,100,0,24,100
2023-06-14T17:51:49,100,0,24,100
2023-06-14T18:04:04,100,0,24,100
2023-06-14T18:16:18,100,0,24,100
2023-06-14T18:28:32,100,0,24,100
2023-06-14T18:40:45,100,0,24,100
2023-06-14T18:53:00,100,0,24,100
2023-06-14T19:05:14,100,0,24,100
2023-06-14T19:17:41,100,0,24,100
2023-06-14T19:29:55,100,0,24,100
2023-06-14T19:42:09,100,0,24,100
2023-06-14T19:54:23,100,0,24,100
2023-06-14T20:06:41,100,0,24,100
2023-06-14T20:18:54,100,0,24,100
2023-06-14T20:31:08,100,0,24,100
2023-06-14T20:43:22,100,0,24,100
2023-06-14T20:55:47,100,0,24,100
2023-06-14T21:08:01,100,0,24,100
2023-06-14T21:20:15,100,0,24,100
2023-06-14T21:32:29,100,0,24,100
2023-06-14T21:44:43,100,0,24,100
2023-06-14T21:56:57,100,0,24,100
2023-06-14T22:09:11,100,0,24,100
2023-06-14T22:21:25,100,0,24,100
2023-06-14T22:33:40,100,0,24,100
2023-06-14T22:46:05,100,0,24,100
2023-06-14T22:58:20,100,0,24,100
2023-06-14T23:10:36,100,0,24,100
2023-06-14T23:22:50,100,0,24,100
2023-06-14T23:35:05,100,0,24,100
2023-06-14T23:47:19,100,0,24,100
2023-06-14T23:59:33,100,0,24,100
2023-06-15T00:11:49,100,0,24,100
2023-06-15T00:24:10,100,0,24,100
2023-06-15T00:36:28,100,0,24,100
2023-06-15T00:48:58,100,0,24,100
2023-06-15T01:01:18,100,0,24,100
2023-06-15T01:13:37,100,0,24,100
2023-06-15T01:25:53,100,0,24,100
2023-06-15T01:38:11,100,0,24,100
2023-06-15T01:50:28,100,0,24,100
2023-06-15T02:02:45,100,0,24,100
2023-06-15T02:15:01,100,0,24,100
2023-06-15T02:27:18,100,0,24,100
2023-06-15T02:39:35,100,0,24,100
2023-06-15T02:51:49,100,0,24,100
2023-06-15T03:04:16,100,0,24,100
2023-06-15T03:16:33,100,0,24,100
2023-06-15T03:28:50,100,0,24,100
2023-06-15T03:41:06,100,0,24,100
2023-06-15T03:53:22,100,0,24,100
2023-06-15T04:05:40,100,0,24,100
2023-06-15T04:21:42,100,0,24,100
2023-06-15T04:34:03,100,0,24,100
2023-06-15T04:46:57,100,0,24,100
2023-06-15T05:00:20,100,0,24,100
2023-06-15T05:12:39,100,0,24,100
2023-06-15T05:24:57,100,0,24,100
2023-06-15T05:37:15,100,0,24,100
2023-06-15T05:49:34,100,0,24,100
2023-06-15T06:01:51,100,0,24,100
2023-06-15T06:14:08,100,0,24,100
2023-06-15T06:26:25,100,0,24,100
2023-06-15T06:38:41,100,0,24,100
2023-06-15T06:50:58,100,0,24,100
2023-06-15T07:03:14,100,0,24,100
2023-06-15T07:15:31,100,0,24,100
2023-06-15T07:27:49,100,0,24,100
2023-06-15T07:40:15,100,0,24,100
2023-06-15T07:52:31,100,0,24,100
2023-06-15T08:04:47,100,0,24,100
2023-06-15T08:17:03,100,0,24,100
2023-06-15T08:29:20,100,0,24,100
2023-06-15T08:41:36,100,0,24,100
2023-06-15T08:53:51,100,0,24,100
2023-06-15T09:06:08,100,0,24,100
2023-06-15T09:18:23,100,0,24,100
2023-06-15T09:30:38,100,0,24,100
2023-06-15T09:42:54,100,0,24,100
2023-06-15T09:55:09,100,0,24,100
2023-06-15T10:07:33,100,0,24,100
2023-06-15T10:19:47,100,0,24,100
2023-06-15T10:32:01,100,0,24,100
2023-06-15T10:44:15,100,0,24,100
2023-06-15T10:56:29,100,0,24,100
2023-06-15T11:08:44,100,0,24,100
2023-06-15T11:20:57,100,0,24,100
2023-06-15T11:33:11,100,0,24,100
2023-06-15T11:45:37,100,0,24,100
2023-06-15T11:57:50,100,0,24,100
2023-06-15T12:10:08,100,0,24,100
2023-06-15T12:22:22,100,0,24,100
2023-06-15T12:34:38,100,0,24,100
2023-06-15T12:46:52,100,0,24,100
2023-06-15T12:59:06,100,0,24,100
2023-06-15T13:11:20,100,0,24,100
2023-06-15T13:23:44,100,0,24,100
2023-06-15T13:35:58,100,0,24,100
2023-06-15T13:48:13,100,0,24,100
2023-06-15T14:00:28,100,0,24,100
2023-06-15T14:12:42,100,0,24,100
2023-06-15T14:24:56,100,0,24,100
2023-06-15T14:37:22,100,0,24,100
2023-06-15T14:49:36,100,0,24,100
2023-06-15T15:01:50,100,0,24,100
2023-06-15T15:14:04,100,0,24,100
2023-06-15T15:26:18,100,0,24,100
2023-06-15T15:38:32,100,0,24,100
2023-06-15T15:50:47,100,0,24,100
2023-06-15T16:03:12,100,0,24,100
2023-06-15T16:15:26,100,0,24,100
2023-06-15T16:27:40,100,0,24,100
2023-06-15T16:39:54,100,0,24,100
2023-06-15T16:52:08,100,0,24,100
2023-06-15T17:04:22,100,0,24,100
2023-06-15T17:16:37,100,0,24,100
2023-06-15T17:28:51,100,0,24,100
2023-06-15T17:41:05,100,0,24,100
2023-06-15T17:53:29,100,0,24,100
2023-06-15T18:05:43,100,0,24,100
2023-06-15T18:17:58,100,0,24,100
2023-06-15T18:30:13,100,0,24,100
2023-06-15T18:42:27,100,0,24,100
2023-06-15T18:54:41,100,0,24,100
2023-06-15T19:06:56,100,0,24,100
2023-06-15T19:19:11,100,0,24,100
2023-06-15T19:31:35,100,0,24,100
2023-06-15T19:43:50,100,0,24,100
2023-06-15T19:56:04,100,0,24,100
2023-06-15T20:08:19,100,0,24,100
2023-06-15T20:20:33,100,0,24,100
2023-06-15T20:32:47,100,0,24,100
2023-06-15T20:45:01,100,0,24,100
2023-06-15T20:57:16,100,0,24,100
2023-06-15T21:09:41,100,0,24,100
2023-06-15T21:21:55,100,0,24,100
2023-06-15T21:34:11,100,0,24,100
2023-06-15T21:46:25,100,0,24,100
2023-06-15T21:58:40,100,0,24,100
2023-06-15T22:10:53,100,0,24,100
2023-06-15T22:23:08,100,0,24,100
2023-06-15T22:35:23,100,0,24,100
2023-06-15T22:47:37,100,0,24,100
2023-06-15T22:59:52,100,0,24,100
2023-06-15T23:12:18,100,0,24,100
2023-06-15T23:24:34,100,0,24,100
2023-06-15T23:36:49,100,0,24,100
2023-06-15T23:49:04,100,0,24,100
2023-06-16T00:01:18,100,0,24,100
2023-06-16T00:13:35,100,0,24,100
2023-06-16T00:25:50,100,0,24,100
2023-06-16T00:38:04,100,0,24,100
2023-06-16T00:50:18,100,0,24,100
2023-06-16T01:02:33,100,0,24,100
2023-06-16T01:14:48,100,0,24,100
2023-06-16T01:27:14,100,0,24,100
2023-06-16T01:39:29,100,0,24,100
2023-06-16T01:51:43,100,0,24,100
2023-06-16T02:03:56,100,0,24,100
2023-06-16T02:16:14,100,0,24,100
2023-06-16T02:28:29,100,0,24,100
2023-06-16T02:40:44,100,0,24,100
2023-06-16T02:53:00,100,0,24,100
2023-06-16T03:05:17,100,0,24,100
2023-06-16T03:17:35,100,0,24,100
2023-06-16T03:29:55,100,0,24,100
2023-06-16T03:42:11,100,0,24,100
2023-06-16T03:54:28,100,0,24,100
2023-06-16T04:06:47,100,0,24,100
2023-06-16T04:17:40,100,0,24,100
2023-06-16T04:30:01,100,0,24,100
2023-06-16T04:42:21,100,0,24,100
2023-06-16T04:56:06,100,0,24,100
2023-06-16T05:08:46,100,0,24,100
2023-06-16T05:21:04,100,0,24,100
2023-06-16T05:33:22,100,0,24,100
2023-06-16T05:45:40,100,0,24,100
2023-06-16T05:57:59,100,0,24,100
2023-06-16T06:10:16,100,0,24,100
2023-06-16T06:22:33,100,0,24,100
2023-06-16T06:34:51,100,0,24,100
2023-06-16T06:47:09,100,0,24,100
2023-06-16T06:59:26,100,0,24,100
2023-06-16T07:11:43,100,0,24,100
2023-06-16T07:23:59,100,0,24,100
2023-06-16T07:36:14,100,0,24,100
2023-06-16T07:48:29,100,0,24,100
2023-06-16T08:00:46,100,0,24,100
2023-06-16T08:13:12,100,0,24,100
2023-06-16T08:25:29,100,0,24,100
2023-06-16T08:37:47,100,0,24,100
2023-06-16T08:50:04,100,0,24,100
2023-06-16T09:02:22,100,0,24,100
2023-06-16T09:14:38,100,0,24,100
2023-06-16T09:26:55,100,0,24,100
2023-06-16T09:39:10,100,0,24,100
2023-06-16T09:51:25,100,0,24,100
2023-06-16T10:03:40,100,0,24,100
2023-06-16T10:15:56,100,0,24,100
2023-06-16T11:00:45,100,0,24,100
2023-06-16T11:13:01,100,0,24,100
2023-06-16T11:25:17,100,0,25,100
2023-06-16T11:37:32,100,0,24,100
2023-06-16T11:49:47,100,0,24,100
2023-06-16T12:02:13,100,0,24,100
2023-06-16T12:14:29,100,0,24,100
2023-06-16T12:26:45,100,0,24,100
2023-06-16T12:39:00,100,0,24,100
2023-06-16T12:51:15,100,0,24,100
2023-06-16T13:03:30,100,0,24,100
2023-06-16T13:15:46,100,0,24,100
2023-06-16T13:28:02,100,0,24,100
2023-06-16T13:40:17,100,0,24,100
2023-06-16T13:52:43,100,0,24,100
2023-06-16T14:04:59,100,0,24,100
2023-06-16T14:17:14,100,0,24,100
2023-06-16T14:29:30,100,0,24,100
2023-06-16T14:41:45,100,0,24,100
2023-06-16T14:54:01,100,0,24,100
2023-06-16T15:06:16,100,0,24,100
2023-06-16T15:18:43,100,0,24,100
2023-06-16T15:30:59,100,0,24,100
2023-06-16T15:43:14,100,0,24,100
2023-06-16T15:55:30,100,0,24,100
2023-06-16T16:07:46,100,0,24,100
2023-06-16T16:20:01,100,0,24,100
2023-06-16T16:32:17,100,0,24,100
2023-06-16T16:44:32,100,0,24,100
2023-06-16T16:56:47,100,0,24,100
2023-06-16T17:09:03,100,0,24,100
2023-06-16T17:21:29,100,0,24,100
2023-06-16T17:33:45,100,0,24,100
2023-06-16T17:46:01,100,0,24,100
2023-06-16T17:58:16,100,0,24,100
2023-06-16T18:10:31,100,0,24,100
2023-06-16T18:22:47,100,0,24,100
2023-06-16T18:35:03,100,0,24,100
2023-06-16T18:47:18,100,0,24,100
2023-06-16T18:59:34,100,0,24,100
2023-06-16T19:11:50,100,0,24,100
2023-06-16T19:24:18,100,0,24,100
2023-06-16T19:36:34,100,0,24,100
2023-06-16T19:48:49,100,0,24,100
2023-06-16T20:01:06,100,0,24,100
2023-06-16T20:13:22,100,0,24,100
2023-06-16T20:25:37,100,0,24,100
2023-06-16T20:37:52,100,0,24,100
2023-06-16T20:50:09,100,0,24,100
2023-06-16T21:02:24,100,0,24,100
2023-06-16T21:14:39,100,0,24,100
2023-06-16T21:27:06,100,0,24,100
2023-06-16T21:39:21,100,0,24,100
2023-06-16T21:51:37,100,0,24,100
2023-06-16T22:03:53,100,0,24,100
2023-06-16T22:16:08,100,0,24,100
2023-06-16T22:28:24,100,0,24,100
2023-06-16T22:40:39,100,0,24,100
2023-06-16T22:52:54,100,0,24,100
2023-06-16T23:05:12,100,0,24,100
2023-06-16T23:17:39,100,0,24,100
2023-06-16T23:29:55,100,0,24,100
2023-06-16T23:42:11,100,0,24,100
2023-06-16T23:54:27,100,0,24,100
2023-06-17T00:06:44,100,0,24,100
2023-06-17T00:19:09,100,0,24,100
2023-06-17T00:31:28,100,0,24,100
2023-06-17T00:43:49,100,0,24,100
2023-06-17T00:56:08,100,0,24,100
2023-06-17T01:08:27,100,0,24,100
2023-06-17T01:20:47,100,0,24,100
2023-06-17T01:33:06,100,0,24,100
2023-06-17T01:45:25,100,0,24,100
2023-06-17T01:57:44,100,0,24,100
2023-06-17T02:10:13,100,0,24,100
2023-06-17T02:22:34,100,0,24,100
2023-06-17T02:34:53,100,0,24,100
2023-06-17T02:47:10,100,0,24,100
2023-06-17T02:59:26,100,0,24,100
2023-06-17T03:11:43,100,0,24,100
2023-06-17T03:24:01,100,0,24,100
2023-06-17T03:36:18,100,0,24,100
2023-06-17T03:48:36,100,0,24,100
2023-06-17T04:00:55,100,0,24,100
2023-06-17T04:13:14,100,0,24,100
2023-06-17T04:29:45,100,0,24,100
2023-06-17T04:42:48,100,0,24,100
2023-06-17T04:55:57,100,0,24,100
2023-06-17T05:08:17,100,0,24,100
2023-06-17T05:20:33,100,0,24,100
2023-06-17T05:32:50,100,0,24,100
2023-06-17T05:45:25,100,0,24,100
2023-06-17T05:57:44,100,0,24,100
2023-06-17T06:10:06,100,0,24,100
2023-06-17T06:22:24,100,0,24,100
2023-06-17T06:34:43,100,0,24,100
2023-06-17T06:47:02,100,0,24,100
2023-06-17T06:59:21,100,0,24,100
2023-06-17T07:11:40,100,0,24,100
2023-06-17T07:23:59,100,0,24,100
2023-06-17T07:36:30,100,0,24,100
2023-06-17T07:48:47,100,0,24,100
2023-06-17T08:01:06,100,0,24,100
2023-06-17T08:13:25,100,0,24,100
2023-06-17T08:25:43,100,0,24,100
2023-06-17T08:38:02,100,0,24,100
2023-06-17T08:50:21,100,0,24,100
2023-06-17T09:02:39,100,0,24,100
2023-06-17T09:14:58,100,0,24,100
2023-06-17T09:27:17,100,0,24,100
2023-06-17T09:39:35,100,0,24,100
2023-06-17T09:52:05,100,0,24,100
2023-06-17T10:04:24,100,0,24,100
2023-06-17T10:16:41,100,0,24,100
2023-06-17T10:29:00,100,0,24,100
2023-06-17T10:41:18,100,0,24,100
2023-06-17T10:53:36,100,0,24,100
2023-06-17T11:05:55,100,0,24,100
2023-06-17T11:18:14,100,0,24,100
2023-06-17T11:30:31,100,0,24,100
2023-06-17T11:42:48,100,0,24,100
2023-06-17T11:55:17,100,0,24,100
2023-06-17T12:07:35,100,0,24,100
2023-06-17T12:19:50,100,0,24,100
2023-06-17T12:32:05,100,0,24,100
2023-06-17T12:44:20,100,0,24,100
2023-06-17T12:56:35,100,0,24,100
2023-06-17T13:08:51,100,0,24,100
2023-06-17T13:21:06,100,0,24,100
2023-06-17T13:33:40,100,0,24,100
2023-06-17T13:45:57,100,0,24,100
2023-06-17T13:58:13,100,0,24,100
2023-06-17T14:10:28,100,0,24,100
2023-06-17T14:22:43,100,0,24,100
2023-06-17T14:34:59,100,0,24,100
2023-06-17T14:47:15,100,0,24,100
2023-06-17T14:59:30,100,0,24,100
2023-06-17T15:11:45,100,0,24,100
2023-06-17T15:24:01,100,0,24,100
2023-06-17T15:36:26,100,0,24,100
2023-06-17T15:48:41,100,0,24,100
2023-06-17T16:00:56,100,0,24,100
2023-06-17T16:13:11,100,0,24,100
2023-06-17T16:25:26,100,0,24,100
2023-06-17T16:37:41,100,0,24,100
2023-06-17T16:49:56,100,0,24,100
2023-06-17T17:02:12,100,0,24,100
2023-06-17T17:14:28,100,0,24,100
2023-06-17T17:26:43,100,0,24,100
2023-06-17T17:38:59,100,0,24,100
2023-06-17T17:51:14,100,0,24,100
2023-06-17T18:03:39,100,0,24,100
2023-06-17T18:15:55,100,0,24,100
2023-06-17T18:28:10,100,0,24,100
2023-06-17T18:40:26,100,0,24,100
2023-06-17T18:52:42,100,0,24,100
2023-06-17T19:04:58,100,0,24,100
2023-06-17T19:17:13,100,0,24,100
2023-06-17T19:29:28,100,0,24,100
2023-06-17T19:41:43,100,0,24,100
2023-06-17T19:53:59,100,0,24,100
2023-06-17T20:06:14,100,0,24,100
2023-06-17T20:18:30,100,0,24,100
2023-06-17T20:30:45,100,0,24,100
2023-06-17T20:43:11,100,0,24,100
2023-06-17T20:55:26,100,0,24,100
2023-06-17T21:07:41,100,0,24,100
2023-06-17T21:19:56,100,0,24,100
2023-06-17T21:32:12,100,0,24,100
2023-06-17T21:44:27,100,0,24,100
2023-06-17T21:56:43,100,0,24,100
2023-06-17T22:08:58,100,0,24,100
2023-06-17T22:21:14,100,0,24,100
2023-06-17T22:33:30,100,0,24,100
2023-06-17T22:45:45,100,0,24,100
2023-06-17T22:58:11,100,0,24,100
2023-06-17T23:10:29,100,0,24,100
2023-06-17T23:22:45,100,0,24,100
2023-06-17T23:35:01,100,0,24,100
2023-06-17T23:47:17,100,0,24,100
2023-06-17T23:59:33,100,0,24,100
2023-06-18T00:11:51,100,0,24,100
2023-06-18T00:24:08,100,0,24,100
2023-06-18T00:36:24,100,0,24,100
2023-06-18T00:48:43,100,0,24,100
2023-06-18T01:18:05,100,0,24,100
2023-06-18T01:30:24,100,0,24,100
2023-06-18T01:42:44,100,0,24,100
2023-06-18T01:55:03,100,0,24,100
2023-06-18T02:07:24,100,0,24,100
2023-06-18T02:20:28,100,0,24,100
2023-06-18T02:32:47,100,0,24,100
2023-06-18T02:45:06,100,0,24,100
2023-06-18T02:57:25,100,0,24,100
2023-06-18T03:09:46,100,0,24,100
2023-06-18T03:22:06,100,0,24,100
2023-06-18T03:34:35,100,0,24,100
2023-06-18T03:46:53,100,0,24,100
2023-06-18T03:59:11,100,0,24,100
2023-06-18T04:11:30,100,0,24,100
2023-06-18T04:30:31,100,0,24,100
2023-06-18T04:43:16,100,0,24,100
2023-06-18T04:55:37,100,0,24,100
2023-06-18T05:07:58,100,0,24,100
2023-06-18T05:20:17,100,0,24,100
2023-06-18T05:32:36,100,0,24,100
2023-06-18T05:44:55,100,0,24,100
2023-06-18T05:57:13,100,0,24,100
2023-06-18T06:09:32,100,0,24,100
2023-06-18T06:21:51,100,0,24,100
2023-06-18T06:34:09,100,0,24,100
2023-06-18T06:46:26,100,0,24,100
2023-06-18T06:58:46,100,0,24,100
2023-06-18T07:11:05,100,0,24,100
2023-06-18T07:23:22,100,0,24,100
2023-06-18T07:35:39,100,0,24,100
2023-06-18T07:47:56,100,0,24,100
2023-06-18T08:00:15,100,0,24,100
2023-06-18T08:12:32,100,0,24,100
2023-06-18T08:24:48,100,0,24,100
2023-06-18T08:37:03,100,0,24,100
2023-06-18T08:49:19,100,0,24,100
2023-06-18T09:01:48,100,0,24,100
2023-06-18T09:14:03,100,0,24,100
2023-06-18T09:26:18,100,0,24,100
2023-06-18T09:38:33,100,0,24,100
2023-06-18T09:50:48,100,0,24,100
2023-06-18T10:03:06,100,0,24,100
2023-06-18T10:15:25,100,0,24,100
2023-06-18T10:27:41,100,0,24,100
2023-06-18T10:39:57,100,0,24,100
2023-06-18T10:52:13,100,0,24,100
2023-06-18T11:04:31,100,0,24,100
2023-06-18T11:16:50,100,0,24,100
2023-06-18T11:29:19,100,0,24,100
2023-06-18T11:41:36,100,0,24,100
2023-06-18T11:53:52,100,0,24,100
2023-06-18T12:06:07,100,0,24,100
2023-06-18T12:18:22,100,0,24,100
2023-06-18T12:30:37,100,0,24,100
2023-06-18T12:42:52,100,0,24,100
2023-06-18T12:55:07,100,0,24,100
2023-06-18T13:07:39,100,0,24,100
2023-06-18T13:19:53,100,0,24,100
2023-06-18T13:32:09,100,0,24,100
2023-06-18T13:44:23,100,0,24,100
2023-06-18T13:56:39,100,0,24,100
2023-06-18T14:08:54,100,0,24,100
2023-06-18T14:21:09,100,0,24,100
2023-06-18T14:33:24,100,0,24,100
2023-06-18T14:45:39,100,0,24,100
2023-06-18T14:58:03,100,0,24,100
2023-06-18T15:10:18,100,0,24,100
2023-06-18T15:22:33,100,0,24,100
2023-06-18T15:34:48,100,0,24,100
2023-06-18T15:47:05,100,0,24,100
2023-06-18T15:59:20,100,0,24,100
2023-06-18T16:11:35,100,0,24,100
2023-06-18T16:23:50,100,0,24,100
2023-06-18T16:36:06,100,0,24,100
2023-06-18T16:48:32,100,0,24,100
2023-06-18T17:00:46,100,0,24,100
2023-06-18T17:13:01,100,0,24,100
2023-06-18T17:25:17,100,0,24,100
2023-06-18T17:37:32,100,0,24,100
2023-06-18T17:49:47,100,0,24,100
2023-06-18T18:02:02,100,0,24,100
2023-06-18T18:14:18,100,0,24,100
2023-06-18T18:26:43,100,0,24,100
2023-06-18T18:38:58,100,0,24,100
2023-06-18T18:51:13,100,0,24,100
2023-06-18T19:03:30,100,0,24,100
2023-06-18T19:15:46,100,0,24,100
2023-06-18T19:28:01,100,0,24,100
2023-06-18T19:40:16,100,0,24,100
2023-06-18T19:52:31,100,0,24,100
2023-06-18T20:04:46,100,0,24,100
2023-06-18T20:17:01,100,0,24,100
2023-06-18T20:29:27,100,0,24,100
2023-06-18T20:41:42,100,0,24,100
2023-06-18T20:53:57,100,0,24,100
2023-06-18T21:06:12,100,0,24,100
2023-06-18T21:18:27,100,0,24,100
2023-06-18T21:30:43,100,0,24,100
2023-06-18T21:42:59,100,0,24,100
2023-06-18T21:55:14,100,0,24,100
2023-06-18T22:07:40,100,0,24,100
2023-06-18T22:19:55,100,0,24,100
2023-06-18T22:32:10,100,0,24,100
2023-06-18T22:44:26,100,0,24,100
2023-06-18T22:56:41,100,0,24,100
2023-06-18T23:08:58,100,0,24,100
2023-06-18T23:21:14,100,0,24,100
2023-06-18T23:33:30,100,0,24,100
2023-06-18T23:46:06,100,0,24,100
2023-06-18T23:58:22,100,0,24,100
2023-06-19T00:10:43,100,0,24,100
2023-06-19T00:23:17,100,0,24,100
2023-06-19T00:35:49,100,0,24,100
2023-06-19T00:48:16,100,0,24,100
2023-06-19T01:00:35,100,0,24,100
2023-06-19T01:12:58,100,0,24,100
2023-06-19T01:25:18,100,0,24,100
2023-06-19T01:37:48,100,0,24,100
2023-06-19T01:50:08,100,0,24,100
2023-06-19T02:02:27,100,0,24,100
2023-06-19T02:14:56,100,0,24,100
2023-06-19T02:27:13,100,0,24,100
2023-06-19T02:39:31,100,0,24,100
2023-06-19T02:51:48,100,0,24,100
2023-06-19T03:04:04,100,0,24,100
2023-06-19T03:16:25,100,0,24,100
2023-06-19T03:28:43,100,0,24,100
2023-06-19T03:41:00,100,0,24,100
2023-06-19T03:53:20,100,0,24,100
2023-06-19T04:05:57,100,0,24,100
2023-06-19T04:22:27,100,0,24,100
2023-06-19T04:34:47,100,0,24,100
2023-06-19T04:48:41,100,0,24,100
2023-06-19T05:01:08,100,0,24,100
2023-06-19T05:13:29,100,0,24,100
2023-06-19T05:25:48,100,0,24,100
2023-06-19T05:38:07,100,0,24,100
2023-06-19T05:50:30,100,0,24,100
2023-06-19T06:02:49,100,0,24,100
2023-06-19T06:15:08,100,0,24,100
2023-06-19T06:27:27,100,0,24,100
2023-06-19T06:39:46,100,0,24,100
2023-06-19T06:52:04,100,0,24,100
2023-06-19T07:04:23,100,0,24,100
2023-06-19T07:16:42,100,0,24,100
2023-06-19T07:28:58,100,0,24,100
2023-06-19T07:41:13,100,0,24,100
2023-06-19T07:53:28,100,0,24,100
2023-06-19T08:05:54,100,0,24,100
2023-06-19T08:18:10,100,0,24,100
2023-06-19T08:30:27,100,0,24,100
2023-06-19T08:42:43,100,0,24,100
2023-06-19T08:54:58,100,0,24,100
2023-06-19T09:07:14,100,0,24,100
2023-06-19T09:19:29,100,0,24,100
2023-06-19T09:31:45,100,0,24,100
2023-06-19T09:44:02,100,0,24,100
2023-06-19T09:56:27,100,0,24,100
2023-06-19T10:08:42,100,0,24,100
2023-06-19T10:20:58,100,0,24,100
2023-06-19T10:33:16,100,0,24,100
2023-06-19T10:45:32,100,0,24,100
2023-06-19T10:57:47,100,0,24,100
2023-06-19T11:10:04,100,0,24,100
2023-06-19T11:22:29,100,0,24,100
2023-06-19T11:34:44,100,0,24,100
2023-06-19T11:46:59,100,0,24,100
2023-06-19T11:59:15,100,0,24,100
2023-06-19T12:11:31,100,0,24,100
2023-06-19T12:23:47,100,0,24,100
2023-06-19T12:36:13,100,0,24,100
2023-06-19T12:48:29,100,0,24,100
2023-06-19T13:00:44,100,0,24,100
2023-06-19T13:13:01,100,0,24,100
2023-06-19T13:25:16,100,0,24,100
2023-06-19T13:37:32,100,0,24,100
2023-06-19T13:49:48,100,0,24,100
2023-06-19T14:02:15,100,0,25,100
2023-06-19T14:14:31,100,0,25,100
2023-06-19T14:26:48,100,0,25,100
2023-06-19T14:39:03,100,0,25,100
2023-06-19T14:51:19,100,0,25,100
2023-06-19T15:03:37,100,0,25,100
2023-06-19T15:16:03,100,0,25,100
2023-06-19T15:28:18,100,0,25,100
2023-06-19T15:40:34,100,0,25,100
2023-06-19T15:52:50,100,0,25,100
2023-06-19T16:05:06,100,0,25,100
2023-06-19T16:17:21,100,0,25,100
2023-06-19T16:29:36,100,0,25,100
2023-06-19T16:42:02,100,0,25,100
2023-06-19T16:54:19,100,0,25,100
2023-06-19T17:06:35,100,0,25,100
2023-06-19T17:18:52,100,0,25,100
2023-06-19T17:31:07,100,0,25,100
2023-06-19T17:43:24,100,0,25,100
2023-06-19T17:55:40,100,0,25,100
2023-06-19T18:08:06,100,0,25,100
2023-06-19T18:20:21,100,0,25,100
2023-06-19T18:32:37,100,0,25,100
2023-06-19T18:44:53,100,0,25,100
2023-06-19T18:57:09,100,0,25,100
2023-06-19T19:09:26,100,0,25,100
2023-06-19T19:21:46,100,0,25,100
2023-06-19T19:34:01,100,0,25,100
2023-06-19T19:46:27,100,0,25,100
2023-06-19T19:58:43,100,0,25,100
2023-06-19T20:10:58,100,0,25,100
2023-06-19T20:23:14,100,0,25,100
2023-06-19T20:35:29,100,0,25,100
2023-06-19T20:47:44,100,0,25,100
2023-06-19T21:00:11,100,0,25,100
2023-06-19T21:12:26,100,0,25,100
2023-06-19T21:24:42,100,0,25,100
2023-06-19T21:36:59,100,0,25,100
2023-06-19T21:49:16,100,0,25,100
2023-06-19T22:01:31,100,0,25,100
2023-06-19T22:13:58,100,0,25,100
2023-06-19T22:26:13,100,0,25,100
2023-06-19T22:38:29,100,0,25,100
2023-06-19T22:50:45,100,0,25,100
2023-06-19T23:03:01,100,0,25,100
2023-06-19T23:15:18,100,0,25,100
2023-06-19T23:27:46,100,0,25,100
2023-06-19T23:40:02,100,0,25,100
2023-06-19T23:52:18,100,0,25,100
2023-06-20T00:04:36,100,0,25,100
2023-06-20T00:16:54,100,0,25,100
2023-06-20T00:29:14,100,0,25,100
2023-06-20T00:41:33,100,0,25,100
2023-06-20T00:53:52,100,0,25,100
2023-06-20T01:06:22,100,0,25,100
2023-06-20T01:18:43,100,0,25,100
2023-06-20T01:31:02,100,0,25,100
2023-06-20T01:43:21,100,0,25,100
2023-06-20T01:55:39,100,0,25,100
2023-06-20T02:08:26,100,0,25,100
2023-06-20T02:20:45,100,0,25,100
2023-06-20T02:33:03,100,0,25,100
2023-06-20T02:45:21,100,0,25,100
2023-06-20T02:57:37,100,0,25,100
2023-06-20T03:09:55,100,0,25,100
2023-06-20T03:22:14,100,0,25,100
2023-06-20T03:34:33,100,0,25,100
2023-06-20T03:47:02,100,0,25,100
2023-06-20T03:59:20,100,0,25,100
2023-06-20T04:11:38,100,0,25,100
2023-06-20T04:28:54,100,0,25,100
2023-06-20T04:41:39,100,0,25,100
2023-06-20T04:54:00,100,0,25,100
2023-06-20T05:06:22,100,0,25,100
2023-06-20T05:18:41,100,0,25,100
2023-06-20T05:31:00,100,0,25,100
2023-06-20T05:43:19,100,0,25,100
2023-06-20T05:55:38,100,0,25,100
2023-06-20T06:07:59,100,0,25,100
2023-06-20T06:20:17,100,0,25,100
2023-06-20T06:32:36,100,0,25,100
2023-06-20T06:44:55,100,0,25,100
2023-06-20T06:57:13,100,0,25,100
2023-06-20T07:09:32,100,0,25,100
2023-06-20T07:21:48,100,0,25,100
2023-06-20T07:34:15,100,0,25,100
2023-06-20T07:46:30,100,0,25,100
2023-06-20T07:58:45,100,0,25,100
2023-06-20T08:11:02,100,0,25,100
2023-06-20T08:23:19,100,0,25,100
2023-06-20T08:35:35,100,0,25,100
2023-06-20T08:47:53,100,0,25,100
2023-06-20T09:00:11,100,0,25,100
2023-06-20T09:12:28,100,0,25,100
2023-06-20T09:24:55,100,0,25,100
2023-06-20T09:37:11,100,0,25,100
2023-06-20T09:49:26,100,0,25,100
2023-06-20T10:01:42,100,0,25,100
2023-06-20T10:13:59,100,0,25,100
2023-06-20T10:26:14,100,0,25,100
2023-06-20T10:38:43,100,0,25,100
2023-06-20T10:50:59,100,0,25,100
2023-06-20T11:03:16,100,0,25,100
2023-06-20T11:15:32,100,0,25,100
2023-06-20T11:27:48,100,0,25,100
2023-06-20T11:40:17,100,0,25,100
2023-06-20T11:52:33,100,0,25,100
2023-06-20T12:04:49,100,0,25,100
2023-06-20T12:17:06,100,0,25,100
2023-06-20T12:29:34,100,0,25,100
2023-06-20T12:41:50,100,0,25,100
2023-06-20T12:54:07,100,0,25,100
2023-06-20T13:06:23,100,0,25,100
2023-06-20T13:18:40,100,0,25,100
2023-06-20T13:31:06,100,0,25,100
2023-06-20T13:43:22,100,0,25,100
2023-06-20T13:55:38,100,0,25,100
2023-06-20T14:07:54,100,0,25,100
2023-06-20T14:20:11,100,0,25,100
2023-06-20T14:32:38,100,0,25,100
2023-06-20T14:44:54,100,0,25,100
2023-06-20T14:57:10,100,0,25,100
2023-06-20T15:09:27,100,0,25,100
2023-06-20T15:21:44,100,0,25,100
2023-06-20T15:34:13,100,0,25,100
2023-06-20T15:46:30,100,0,25,100
2023-06-20T15:58:46,100,0,25,100
2023-06-20T16:11:03,100,0,25,100
2023-06-20T16:23:22,100,0,25,100
2023-06-20T16:35:49,100,0,25,100
2023-06-20T16:48:05,100,0,25,100
2023-06-20T17:00:22,100,0,25,100
2023-06-20T17:12:39,100,0,25,100
2023-06-20T17:24:56,100,0,25,100
2023-06-20T17:37:24,100,0,25,100
2023-06-20T17:49:40,100,0,25,100
2023-06-20T18:01:57,100,0,25,100
2023-06-20T18:14:13,100,0,25,100
2023-06-20T18:26:31,100,0,25,100
2023-06-20T18:39:02,100,0,25,100
2023-06-20T18:51:18,100,0,25,100
2023-06-20T19:03:35,100,0,25,100
2023-06-20T19:15:52,100,0,25,100
2023-06-20T19:28:09,100,0,25,100
2023-06-20T19:40:38,100,0,25,100
2023-06-20T19:52:54,100,0,25,100
2023-06-20T20:05:12,100,0,25,100
2023-06-20T20:17:29,100,0,25,100
2023-06-20T20:29:46,100,0,25,100
2023-06-20T20:42:02,100,0,25,100
2023-06-20T20:54:34,100,0,25,100
2023-06-20T21:06:50,100,0,25,100
2023-06-20T21:19:07,100,0,25,100
2023-06-20T21:31:23,100,0,25,100
2023-06-20T21:43:51,100,0,25,100
2023-06-20T21:56:08,100,0,25,100
2023-06-20T22:08:25,100,0,25,100
2023-06-20T22:20:41,100,0,25,100
2023-06-20T22:32:58,100,0,25,100
2023-06-20T22:45:15,100,0,25,100
2023-06-20T22:57:44,100,0,25,100
2023-06-20T23:10:02,100,0,25,100
2023-06-20T23:22:20,100,0,25,100
2023-06-20T23:34:37,100,0,25,100
2023-06-20T23:46:54,100,0,25,100
2023-06-20T23:59:11,100,0,25,100
2023-06-21T00:11:47,100,0,25,100
2023-06-21T00:24:14,100,0,25,100
2023-06-21T00:36:36,100,0,25,100
2023-06-21T00:48:57,100,0,25,100
2023-06-21T01:01:17,100,0,25,100
2023-06-21T01:13:38,100,0,25,100
2023-06-21T01:26:00,100,0,25,100
2023-06-21T01:38:33,100,0,25,100
2023-06-21T01:50:54,100,0,25,100
2023-06-21T02:03:18,100,0,25,100
2023-06-21T02:15:38,100,0,25,100
2023-06-21T02:27:58,100,0,25,100
2023-06-21T02:40:17,100,0,25,100
2023-06-21T02:52:34,100,0,25,100
2023-06-21T03:04:50,100,0,25,100
2023-06-21T03:17:09,100,0,25,100
2023-06-21T03:29:40,100,0,25,100
2023-06-21T03:41:58,100,0,25,100
2023-06-21T03:54:16,100,0,25,100
2023-06-21T04:06:34,100,0,25,100
2023-06-21T04:19:25,100,0,25,100
2023-06-21T04:33:16,100,0,25,100
2023-06-21T04:45:59,100,0,25,100
2023-06-21T04:58:18,100,0,25,100
2023-06-21T05:10:38,100,0,25,100
2023-06-21T05:22:57,100,0,25,100
2023-06-21T05:35:14,100,0,25,100
2023-06-21T05:47:32,100,0,25,100
2023-06-21T05:59:49,100,0,25,100
2023-06-21T06:12:07,100,0,25,100
2023-06-21T06:24:23,100,0,25,100
2023-06-21T06:36:44,100,0,25,100
2023-06-21T06:49:20,100,0,25,100
2023-06-21T07:01:40,100,0,25,100
2023-06-21T07:14:00,100,0,25,100
2023-06-21T07:26:19,100,0,25,100
2023-06-21T07:38:36,100,0,25,100
2023-06-21T07:50:54,100,0,25,100
2023-06-21T08:03:13,100,0,25,100
2023-06-21T08:15:44,100,0,25,100
2023-06-21T08:28:05,100,0,25,100
2023-06-21T08:40:24,100,0,25,100
2023-06-21T08:52:43,100,0,25,100
2023-06-21T09:05:02,100,0,25,100
2023-06-21T09:17:21,100,0,25,100
2023-06-21T09:29:53,100,0,25,100
2023-06-21T09:42:12,100,0,25,100
2023-06-21T09:54:32,100,0,25,100
2023-06-21T10:06:53,100,0,25,100
2023-06-21T10:19:25,100,0,25,100
2023-06-21T10:31:46,100,0,25,100
2023-06-21T10:44:06,100,0,25,100
2023-06-21T10:56:30,100,0,25,100
2023-06-21T11:09:02,100,0,25,100
2023-06-21T11:21:23,100,0,25,100
2023-06-21T11:33:46,100,0,25,100
2023-06-21T11:46:20,100,0,25,100
2023-06-21T11:58:39,100,0,25,100
2023-06-21T12:10:59,100,0,25,100
2023-06-21T12:23:18,100,0,25,100
2023-06-21T12:35:46,100,0,25,100
2023-06-21T12:48:04,100,0,25,100
2023-06-21T13:00:22,100,0,25,100
2023-06-21T13:12:39,100,0,25,100
2023-06-21T13:25:08,100,0,25,100
2023-06-21T13:37:27,100,0,25,100
2023-06-21T13:49:47,100,0,25,100
2023-06-21T14:02:04,100,0,25,100
2023-06-21T14:14:32,100,0,25,100
2023-06-21T14:26:51,100,0,25,100
2023-06-21T14:39:09,100,0,25,100
2023-06-21T14:51:27,100,0,25,100
2023-06-21T15:03:59,100,0,25,100
2023-06-21T15:16:18,100,0,25,100
2023-06-21T15:28:38,100,0,25,100
2023-06-21T15:40:57,100,0,25,100
2023-06-21T15:53:28,100,0,25,100
2023-06-21T16:05:47,100,0,25,100
2023-06-21T16:18:06,100,0,25,100
2023-06-21T16:30:25,100,0,25,100
2023-06-21T16:42:44,100,0,25,100
2023-06-21T16:55:15,100,0,25,100
2023-06-21T17:07:35,100,0,25,100
2023-06-21T17:19:56,100,0,25,100
2023-06-21T17:32:15,100,0,25,100
2023-06-21T17:44:46,100,0,25,100
2023-06-21T17:57:05,100,0,25,100
2023-06-21T18:09:25,100,0,25,100
2023-06-21T18:21:48,100,0,25,100
2023-06-21T18:34:18,100,0,25,100
2023-06-21T18:46:37,100,0,25,100
2023-06-21T18:58:56,100,0,25,100
2023-06-21T19:11:16,100,0,25,100
2023-06-21T19:23:34,100,0,25,100
2023-06-21T19:35:53,100,0,25,100
2023-06-21T19:48:23,100,0,25,100
2023-06-21T20:00:42,100,0,25,100
2023-06-21T20:13:01,100,0,25,100
2023-06-21T20:25:20,100,0,25,100
2023-06-21T20:37:40,100,0,25,100
2023-06-21T20:50:12,100,0,25,100
2023-06-21T21:02:33,100,0,25,100
2023-06-21T21:14:52,100,0,25,100
2023-06-21T21:27:12,100,0,25,100
2023-06-21T21:39:33,100,0,25,100
2023-06-21T21:52:03,100,0,25,100
2023-06-21T22:04:23,100,0,25,100
2023-06-21T22:16:42,100,0,25,100
2023-06-21T22:29:02,100,0,25,100
2023-06-21T22:41:21,100,0,25,100
2023-06-21T22:53:52,100,0,25,100
2023-06-21T23:06:15,100,0,25,100
2023-06-21T23:18:35,100,0,25,100
2023-06-21T23:30:55,100,0,25,100
2023-06-21T23:43:14,100,0,25,100
2023-06-21T23:55:33,100,0,25,100
2023-06-22T00:07:55,100,0,25,100
2023-06-22T00:20:35,100,0,25,100
2023-06-22T00:32:57,100,0,25,100
2023-06-22T00:45:20,100,0,25,100
2023-06-22T00:57:43,100,0,25,100
2023-06-22T01:10:06,100,0,25,100
2023-06-22T01:22:42,100,0,25,100
2023-06-22T01:35:05,100,0,25,100
2023-06-22T01:47:27,100,0,25,100
2023-06-22T01:59:52,100,0,25,100
2023-06-22T02:12:13,100,0,25,100
2023-06-22T02:24:33,100,0,25,100
2023-06-22T02:36:54,100,0,25,100
2023-06-22T02:49:28,100,0,25,100
2023-06-22T03:01:49,100,0,25,100
2023-06-22T03:14:10,100,0,25,100
2023-06-22T03:26:34,100,0,25,100
2023-06-22T03:38:55,100,0,25,100
2023-06-22T03:51:16,100,0,25,100
2023-06-22T04:03:38,100,0,25,100
2023-06-22T04:15:58,100,0,25,100
2023-06-22T04:28:45,100,0,25,100
2023-06-22T04:41:36,100,0,25,100
2023-06-22T04:53:59,100,0,25,100
2023-06-22T05:06:21,100,0,25,100
2023-06-22T05:18:41,100,0,25,100
2023-06-22T05:31:01,100,0,25,100
2023-06-22T05:43:21,100,0,25,100
2023-06-22T05:55:45,100,0,25,100
2023-06-22T06:08:06,100,0,25,100
2023-06-22T06:20:32,100,0,25,100
2023-06-22T06:32:54,100,0,25,100
2023-06-22T06:45:15,100,0,25,100
2023-06-22T06:57:37,100,0,25,100
2023-06-22T07:10:10,100,0,25,100
2023-06-22T07:22:32,100,0,25,100
2023-06-22T07:34:53,100,0,25,100
2023-06-22T07:47:14,100,0,25,100
2023-06-22T07:59:34,100,0,25,100
2023-06-22T08:11:54,100,0,25,100
2023-06-22T08:24:14,100,0,25,100
2023-06-22T08:36:45,100,0,25,100
2023-06-22T08:49:05,100,0,25,100
2023-06-22T09:01:25,100,0,25,100
2023-06-22T09:13:45,100,0,25,100
2023-06-22T09:26:05,100,0,25,100
2023-06-22T09:38:28,100,0,25,100
2023-06-22T09:50:59,100,0,25,100
2023-06-22T10:03:19,100,0,25,100
2023-06-22T10:15:39,100,0,25,100
2023-06-22T10:27:59,100,0,25,100
2023-06-22T10:40:33,100,0,25,100
2023-06-22T10:52:54,100,0,25,100
2023-06-22T11:05:15,100,0,25,100
2023-06-22T11:17:36,100,0,25,100
2023-06-22T11:29:56,100,0,25,100
2023-06-22T11:42:27,100,0,25,100
2023-06-22T11:54:47,100,0,25,100
2023-06-22T12:07:06,100,0,25,100
2023-06-22T12:19:26,100,0,25,100
2023-06-22T12:31:56,100,0,25,100
2023-06-22T12:44:16,100,0,25,100
2023-06-22T12:56:36,100,0,25,100
2023-06-22T13:08:55,100,0,25,100
2023-06-22T13:21:15,100,0,25,100
2023-06-22T13:33:49,100,0,25,100
2023-06-22T13:46:12,100,0,25,100
2023-06-22T13:58:32,100,0,25,100
2023-06-22T14:11:04,100,0,25,100
2023-06-22T14:23:23,100,0,25,100
2023-06-22T14:35:42,100,0,25,100
2023-06-22T14:48:04,100,0,25,100
2023-06-22T15:00:23,100,0,25,100
2023-06-22T15:12:42,100,0,25,100
2023-06-22T15:25:16,100,0,25,100
2023-06-22T15:37:35,100,0,25,100
2023-06-22T15:49:55,100,0,25,100
2023-06-22T16:02:15,100,0,25,100
2023-06-22T16:14:35,100,0,25,100
2023-06-22T16:27:05,100,0,25,100
2023-06-22T16:39:24,100,0,25,100
2023-06-22T16:51:43,100,0,25,100
2023-06-22T17:04:02,100,0,25,100
2023-06-22T17:16:23,100,0,25,100
2023-06-22T17:28:42,100,0,25,100
2023-06-22T17:41:13,100,0,25,100
2023-06-22T17:53:32,100,0,25,100
2023-06-22T18:05:52,100,0,25,100
2023-06-22T18:18:13,100,0,25,100
2023-06-22T18:30:32,100,0,25,100
2023-06-22T18:42:51,100,0,25,100
2023-06-22T18:55:26,100,0,25,100
2023-06-22T19:07:45,100,0,25,100
2023-06-22T19:20:04,100,0,25,100
2023-06-22T19:32:23,100,0,25,100
2023-06-22T19:44:42,100,0,25,100
2023-06-22T19:57:01,100,0,25,100
2023-06-22T20:09:21,100,0,25,100
2023-06-22T20:21:52,100,0,25,100
2023-06-22T20:34:11,100,0,25,100
2023-06-22T20:46:30,100,0,25,100
2023-06-22T20:58:49,100,0,25,100
2023-06-22T21:11:08,100,0,25,100
2023-06-22T21:23:28,100,0,25,100
2023-06-22T21:35:47,100,0,25,100
2023-06-22T21:48:17,100,0,25,100
2023-06-22T22:00:36,100,0,25,100
2023-06-22T22:12:56,100,0,25,100
2023-06-22T22:25:15,100,0,25,100
2023-06-22T22:37:35,100,0,25,100
2023-06-22T22:49:54,100,0,25,100
2023-06-22T23:02:13,100,0,25,100
2023-06-22T23:14:47,100,0,25,100
2023-06-22T23:27:08,100,0,25,100
2023-06-22T23:39:28,100,0,25,100
2023-06-22T23:51:48,100,0,25,100
2023-06-23T00:04:08,100,0,25,100
2023-06-23T00:16:29,100,0,25,100
2023-06-23T00:28:50,100,0,25,100
2023-06-23T00:41:26,100,0,25,100
2023-06-23T00:53:49,100,0,25,100
2023-06-23T01:06:12,100,0,25,100
2023-06-23T01:18:36,100,0,25,100
2023-06-23T01:31:11,100,0,25,100
2023-06-23T01:43:37,100,0,25,100
2023-06-23T01:56:02,100,0,25,100
2023-06-23T02:08:24,100,0,25,100
2023-06-23T02:20:45,100,0,25,100
2023-06-23T02:33:08,100,0,25,100
2023-06-23T02:45:29,100,0,25,100
2023-06-23T02:57:48,100,0,25,100
2023-06-23T03:10:07,100,0,25,100
2023-06-23T03:22:26,100,0,25,100
2023-06-23T03:34:57,100,0,25,100
2023-06-23T03:47:16,100,0,25,100
2023-06-23T03:59:34,100,0,25,100
2023-06-23T04:17:56,100,0,25,100
2023-06-23T04:30:42,100,0,25,100
2023-06-23T04:43:02,100,0,25,100
2023-06-23T04:55:25,100,0,25,100
2023-06-23T05:07:47,100,0,25,100
2023-06-23T05:20:20,100,0,25,100
2023-06-23T05:32:47,100,0,25,100
2023-06-23T05:45:11,100,0,25,100
2023-06-23T05:57:34,100,0,25,100
2023-06-23T06:09:56,100,0,25,100
2023-06-23T06:22:27,100,0,25,100
2023-06-23T06:34:50,100,0,25,100
2023-06-23T06:47:13,100,0,25,100
2023-06-23T06:59:35,100,0,25,100
2023-06-23T07:11:58,100,0,25,100
2023-06-23T07:24:21,100,0,25,100
2023-06-23T07:36:42,100,0,25,100
2023-06-23T07:49:04,100,0,25,100
2023-06-23T08:01:25,100,0,25,100
2023-06-23T08:13:47,100,0,25,100
2023-06-23T08:26:09,100,0,25,100
2023-06-23T08:38:31,100,0,25,100
2023-06-23T08:50:51,100,0,25,100
2023-06-23T09:03:22,100,0,25,100
2023-06-23T09:15:41,100,0,25,100
2023-06-23T09:28:01,100,0,25,100
2023-06-23T09:40:20,100,0,25,100
2023-06-23T09:52:39,100,0,25,100
2023-06-23T10:04:59,100,0,25,100
2023-06-23T10:17:19,100,0,25,100
2023-06-23T10:29:38,100,0,25,100
2023-06-23T10:42:08,100,0,25,100
2023-06-23T10:54:27,100,0,25,100
2023-06-23T11:06:47,100,0,25,100
2023-06-23T11:19:07,100,0,25,100
2023-06-23T11:31:27,100,0,25,100
2023-06-23T11:43:46,100,0,25,100
2023-06-23T11:56:16,100,0,25,100
2023-06-23T12:08:35,100,0,25,100
2023-06-23T12:20:54,100,0,25,100
2023-06-23T12:33:14,100,0,25,100
2023-06-23T12:45:34,100,0,25,100
2023-06-23T12:57:54,100,0,25,100
2023-06-23T13:10:24,100,0,25,100
2023-06-23T13:22:44,100,0,25,100
2023-06-23T13:35:04,100,0,25,100
2023-06-23T13:47:24,100,0,25,100
2023-06-23T13:59:44,100,0,25,100
2023-06-23T14:12:05,100,0,25,100
2023-06-23T14:24:39,100,0,25,100
2023-06-23T14:36:58,100,0,25,100
2023-06-23T14:49:18,100,0,25,100
2023-06-23T15:01:37,100,0,25,100
2023-06-23T15:13:57,100,0,25,100
2023-06-23T15:26:16,100,0,25,100
2023-06-23T15:38:36,100,0,25,100
2023-06-23T15:51:08,100,0,25,100
2023-06-23T16:03:28,100,0,25,100
2023-06-23T16:15:48,100,0,25,100
2023-06-23T16:28:08,100,0,25,100
2023-06-23T16:40:27,100,0,25,100
2023-06-23T16:52:47,100,0,25,100
2023-06-23T17:05:18,100,0,25,100
2023-06-23T17:17:38,100,0,25,100
2023-06-23T17:29:58,100,0,25,100
2023-06-23T17:42:17,100,0,25,100
2023-06-23T17:54:37,100,0,25,100
2023-06-23T18:06:57,100,0,25,100
2023-06-23T18:19:16,100,0,25,100
2023-06-23T18:31:45,100,0,25,100
2023-06-23T18:44:05,100,0,25,100
2023-06-23T18:56:24,100,0,25,100
2023-06-23T19:08:45,100,0,25,100
2023-06-23T19:21:04,100,0,25,100
2023-06-23T19:33:24,100,0,25,100
2023-06-23T19:45:55,100,0,25,100
2023-06-23T19:58:14,100,0,25,100
2023-06-23T20:10:34,100,0,25,100
2023-06-23T20:22:54,100,0,25,100
2023-06-23T20:35:13,100,0,25,100
2023-06-23T20:47:33,100,0,25,100
2023-06-23T21:00:04,100,0,25,100
2023-06-23T21:12:23,100,0,25,100
2023-06-23T21:24:43,100,0,25,100
2023-06-23T21:37:03,100,0,25,100
2023-06-23T21:49:23,100,0,25,100
2023-06-23T22:01:42,100,0,25,100
2023-06-23T22:14:04,100,0,25,100
2023-06-23T22:26:35,100,0,25,100
2023-06-23T22:38:55,100,0,25,100
2023-06-23T22:51:14,100,0,25,100
2023-06-23T23:03:35,100,0,25,100
2023-06-23T23:15:55,100,0,25,100
2023-06-23T23:28:15,100,0,25,100
2023-06-23T23:40:37,100,0,25,100
2023-06-23T23:53:09,100,0,25,100
2023-06-24T00:05:31,100,0,25,100
2023-06-24T00:17:56,100,0,25,100
2023-06-24T00:30:19,100,0,25,100
2023-06-24T00:42:43,100,0,25,100
2023-06-24T00:55:07,100,0,25,100
2023-06-24T01:07:31,100,0,25,100
2023-06-24T01:19:55,100,0,25,100
2023-06-24T01:32:19,100,0,25,100
2023-06-24T01:44:45,100,0,25,100
2023-06-24T01:57:20,100,0,25,100
2023-06-24T02:09:44,100,0,25,100
2023-06-24T02:22:07,100,0,25,100
2023-06-24T02:34:31,100,0,25,100
2023-06-24T02:46:51,100,0,25,100
2023-06-24T02:59:10,100,0,25,100
2023-06-24T03:11:32,100,0,25,100
2023-06-24T03:23:54,100,0,25,100
2023-06-24T03:36:16,100,0,25,100
2023-06-24T03:48:37,100,0,25,100
2023-06-24T04:00:59,100,0,25,100
2023-06-24T04:20:48,100,0,25,100
2023-06-24T04:33:35,100,0,25,100
2023-06-24T04:45:59,100,0,25,100
2023-06-24T04:58:24,100,0,25,100
2023-06-24T05:10:45,100,0,25,100
2023-06-24T05:23:08,100,0,25,100
2023-06-24T05:35:37,100,0,25,100
2023-06-24T05:48:00,100,0,25,100
2023-06-24T06:00:23,100,0,25,100
2023-06-24T06:12:45,100,0,25,100
2023-06-24T06:25:08,100,0,25,100
2023-06-24T06:37:31,100,0,25,100
2023-06-24T06:49:52,100,0,25,100
2023-06-24T07:02:15,100,0,25,100
2023-06-24T07:14:47,100,0,25,100
2023-06-24T07:27:10,100,0,25,100
2023-06-24T07:39:32,100,0,25,100
2023-06-24T07:51:55,100,0,25,100
2023-06-24T08:04:17,100,0,25,100
2023-06-24T08:16:39,100,0,25,100
2023-06-24T08:29:01,100,0,25,100
2023-06-24T08:41:23,100,0,25,100
2023-06-24T08:53:45,100,0,25,100
2023-06-24T09:06:16,100,0,25,100
2023-06-24T09:18:38,100,0,25,100
2023-06-24T09:31:00,100,0,25,100
2023-06-24T09:43:23,100,0,25,100
2023-06-24T09:55:45,100,0,25,100
2023-06-24T10:08:08,100,0,25,100
2023-06-24T10:20:30,100,0,25,100
2023-06-24T10:32:52,100,0,25,100
2023-06-24T10:45:16,100,0,25,100
2023-06-24T10:57:39,100,0,25,100
2023-06-24T11:10:11,100,0,25,100
2023-06-24T11:22:32,100,0,25,100
2023-06-24T11:34:53,100,0,25,100
2023-06-24T11:47:14,100,0,25,100
2023-06-24T11:59:35,100,0,25,100
2023-06-24T12:11:57,100,0,25,100
2023-06-24T12:24:17,100,0,25,100
2023-06-24T12:36:37,100,0,25,100
2023-06-24T12:48:56,100,0,25,100
2023-06-24T13:01:16,100,0,25,100
2023-06-24T13:13:46,100,0,25,100
2023-06-24T13:26:05,100,0,25,100
2023-06-24T13:38:25,100,0,25,100
2023-06-24T13:50:44,100,0,25,100
2023-06-24T14:03:03,100,0,25,100
2023-06-24T14:15:21,100,0,25,100
2023-06-24T14:27:40,100,0,25,100
2023-06-24T14:39:59,100,0,25,100
2023-06-24T14:52:18,100,0,25,100
2023-06-24T15:04:47,100,0,25,100
2023-06-24T15:17:06,100,0,25,100
2023-06-24T15:29:25,100,0,25,100
2023-06-24T15:41:44,100,0,25,100
2023-06-24T15:54:03,100,0,25,100
2023-06-24T16:06:22,100,0,25,100
2023-06-24T16:18:41,100,0,25,100
2023-06-24T16:30:59,100,0,25,100
2023-06-24T16:43:19,100,0,25,100
2023-06-24T16:55:48,100,0,25,100
2023-06-24T17:08:08,100,0,25,100
2023-06-24T17:20:28,100,0,25,100
2023-06-24T17:32:48,100,0,25,100
2023-06-24T17:45:07,100,0,25,100
2023-06-24T17:57:26,100,0,25,100
2023-06-24T18:09:47,100,0,25,100
2023-06-24T18:22:06,100,0,25,100
2023-06-24T18:34:37,100,0,25,100
2023-06-24T18:46:56,100,0,25,100
2023-06-24T18:59:15,100,0,25,100
2023-06-24T19:11:35,100,0,25,100
2023-06-24T19:23:55,100,0,25,100
2023-06-24T19:36:14,100,0,25,100
2023-06-24T19:48:34,100,0,25,100
2023-06-24T20:00:53,100,0,25,100
2023-06-24T20:13:23,100,0,25,100
2023-06-24T20:25:42,100,0,25,100
2023-06-24T20:38:02,100,0,25,100
2023-06-24T20:50:21,100,0,25,100
2023-06-24T21:02:40,100,0,25,100
2023-06-24T21:14:59,100,0,25,100
2023-06-24T21:27:18,100,0,25,100
2023-06-24T21:39:38,100,0,25,100
2023-06-24T21:51:57,100,0,25,100
2023-06-24T22:04:28,100,0,25,100
2023-06-24T22:16:48,100,0,25,100
2023-06-24T22:29:07,100,0,25,100
2023-06-24T22:41:27,100,0,25,100
2023-06-24T22:53:45,100,0,25,100
2023-06-24T23:06:06,100,0,25,100
2023-06-24T23:18:26,100,0,25,100
2023-06-24T23:30:46,100,0,25,100
2023-06-24T23:43:06,100,0,25,100
2023-06-24T23:55:38,100,0,25,100
2023-06-25T00:07:59,100,0,25,100
2023-06-25T00:20:25,100,0,25,100
2023-06-25T00:32:47,100,0,25,100
2023-06-25T00:45:11,100,0,25,100
2023-06-25T00:57:34,100,0,25,100
2023-06-25T01:09:57,100,0,25,100
2023-06-25T01:22:29,100,0,25,100
2023-06-25T01:34:53,100,0,25,100
2023-06-25T01:47:16,100,0,25,100
2023-06-25T01:59:38,100,0,25,100
2023-06-25T02:12:09,100,0,25,100
2023-06-25T02:24:32,100,0,25,100
2023-06-25T02:36:56,100,0,25,100
2023-06-25T02:49:18,100,0,25,100
2023-06-25T03:01:40,100,0,25,100
2023-06-25T03:14:02,100,0,25,100
2023-06-25T03:26:25,100,0,25,100
2023-06-25T03:38:59,100,0,25,100
2023-06-25T03:51:21,100,0,25,100
2023-06-25T04:03:44,100,0,25,100
2023-06-25T04:21:23,100,0,25,100
2023-06-25T04:33:48,100,0,25,100
2023-06-25T04:47:37,100,0,25,100
2023-06-25T05:00:20,100,0,25,100
2023-06-25T05:12:43,100,0,25,100
2023-06-25T05:25:06,100,0,25,100
2023-06-25T05:37:29,100,0,25,100
2023-06-25T05:49:52,100,0,25,100
2023-06-25T06:02:15,100,0,25,100
2023-06-25T06:14:37,100,0,25,100
2023-06-25T06:26:59,100,0,25,100
2023-06-25T06:39:22,100,0,25,100
2023-06-25T06:51:52,100,0,25,100
2023-06-25T07:04:13,100,0,25,100
2023-06-25T07:16:34,100,0,25,100
2023-06-25T07:28:54,100,0,25,100
2023-06-25T07:41:13,100,0,25,100
2023-06-25T07:53:33,100,0,25,100
2023-06-25T08:05:52,100,0,25,100
2023-06-25T08:18:12,100,0,25,100
2023-06-25T08:30:33,100,0,25,100
2023-06-25T08:43:02,100,0,25,100
2023-06-25T08:55:21,100,0,25,100
2023-06-25T09:07:41,100,0,25,100
2023-06-25T09:20:01,100,0,25,100
2023-06-25T09:32:20,100,0,25,100
2023-06-25T09:44:40,100,0,25,100
2023-06-25T09:57:01,100,0,25,100
2023-06-25T10:09:20,100,0,25,100
2023-06-25T10:21:40,100,0,25,100
2023-06-25T10:34:10,100,0,25,100
2023-06-25T10:46:30,100,0,25,100
2023-06-25T10:58:53,100,0,25,100
2023-06-25T11:11:14,100,0,25,100
2023-06-25T11:23:34,100,0,25,100
2023-06-25T11:35:53,100,0,25,100
2023-06-25T11:48:15,100,0,25,100
2023-06-25T12:00:36,100,0,25,100
2023-06-25T12:12:59,100,0,25,100
2023-06-25T12:25:21,100,0,25,100
2023-06-25T12:37:43,100,0,25,100
2023-06-25T12:50:14,100,0,25,100
2023-06-25T13:02:34,100,0,25,100
2023-06-25T13:14:53,100,0,25,100
2023-06-25T13:27:13,100,0,25,100
2023-06-25T13:39:32,100,0,25,100
2023-06-25T13:51:51,100,0,25,100
2023-06-25T14:04:10,100,0,25,100
2023-06-25T14:16:39,100,0,25,100
2023-06-25T14:28:58,100,0,25,100
2023-06-25T14:41:18,100,0,25,100
2023-06-25T14:53:36,100,0,25,100
2023-06-25T15:05:56,100,0,25,100
2023-06-25T15:18:26,100,0,25,100
2023-06-25T15:30:46,100,0,25,100
2023-06-25T15:43:05,100,0,25,100
2023-06-25T15:55:24,100,0,25,100
2023-06-25T16:07:43,100,0,25,100
2023-06-25T16:20:04,100,0,25,100
2023-06-25T16:32:34,100,0,25,100
2023-06-25T16:44:54,100,0,25,100
2023-06-25T16:57:13,100,0,25,100
2023-06-25T17:09:33,100,0,25,100
2023-06-25T17:21:52,100,0,25,100
2023-06-25T17:34:12,100,0,25,100
2023-06-25T17:46:31,100,0,25,100
2023-06-25T17:59:00,100,0,25,100
2023-06-25T18:11:20,100,0,25,100
2023-06-25T18:23:39,100,0,25,100
2023-06-25T18:35:59,100,0,25,100
2023-06-25T18:48:18,100,0,25,100
2023-06-25T19:00:37,100,0,25,100
2023-06-25T19:13:09,100,0,25,100
2023-06-25T19:25:28,100,0,25,100
2023-06-25T19:37:48,100,0,25,100
2023-06-25T19:50:07,100,0,25,100
2023-06-25T20:02:27,100,0,25,100
2023-06-25T20:14:46,100,0,25,100
2023-06-25T20:27:05,100,0,25,100
2023-06-25T20:39:35,100,0,25,100
2023-06-25T20:51:54,100,0,25,100
2023-06-25T21:04:13,100,0,25,100
2023-06-25T21:16:33,100,0,25,100
2023-06-25T21:28:53,100,0,25,100
2023-06-25T21:41:12,100,0,25,100
2023-06-25T21:53:32,100,0,25,100
2023-06-25T22:05:52,100,0,25,100
2023-06-25T22:18:21,100,0,25,100
2023-06-25T22:30:41,100,0,25,100
2023-06-25T22:43:01,100,0,25,100
2023-06-25T22:55:20,100,0,25,100
2023-06-25T23:07:40,100,0,25,100
2023-06-25T23:20:01,100,0,25,100
2023-06-25T23:32:21,100,0,25,100
2023-06-25T23:44:42,100,0,25,100
2023-06-25T23:57:13,100,0,25,100
2023-06-26T00:09:36,100,0,25,100
2023-06-26T00:22:07,100,0,25,100
2023-06-26T00:34:42,100,0,25,100
2023-06-26T00:47:07,100,0,25,100
2023-06-26T00:59:29,100,0,25,100
2023-06-26T01:11:56,100,0,25,100
2023-06-26T01:24:20,100,0,25,100
2023-06-26T01:36:57,100,0,25,100
2023-06-26T01:49:20,100,0,25,100
2023-06-26T02:01:48,100,0,25,100
2023-06-26T02:14:22,100,0,25,100
2023-06-26T02:26:45,100,0,25,100
2023-06-26T02:39:08,100,0,25,100
2023-06-26T02:51:29,100,0,25,100
2023-06-26T03:03:51,100,0,25,100
2023-06-26T03:16:14,100,0,25,100
2023-06-26T03:28:37,100,0,25,100
2023-06-26T03:41:00,100,0,25,100
2023-06-26T03:53:22,100,0,25,100
2023-06-26T04:06:09,100,0,25,100
2023-06-26T04:33:35,100,0,25,100
2023-06-26T04:46:29,100,0,25,100
2023-06-26T04:58:54,100,0,25,100
2023-06-26T05:11:20,100,0,25,100
2023-06-26T05:23:43,100,0,25,100
2023-06-26T05:36:07,100,0,25,100
2023-06-26T05:48:30,100,0,25,100
2023-06-26T06:00:53,100,0,25,100
2023-06-26T06:13:16,100,0,25,100
2023-06-26T06:25:39,100,0,25,100
2023-06-26T06:38:02,100,0,25,100
2023-06-26T06:50:24,100,0,25,100
2023-06-26T07:02:56,100,0,25,100
2023-06-26T07:15:19,100,0,25,100
2023-06-26T07:27:40,100,0,25,100
2023-06-26T07:40:00,100,0,25,100
2023-06-26T07:52:19,100,0,25,100
2023-06-26T08:04:39,100,0,25,100
2023-06-26T08:16:58,100,0,25,100
2023-06-26T08:29:18,100,0,25,100
2023-06-26T08:41:39,100,0,25,100
2023-06-26T08:54:15,100,0,25,100
2023-06-26T09:06:36,100,0,25,100
2023-06-26T09:18:55,100,0,25,100
2023-06-26T09:31:15,100,0,25,100
2023-06-26T09:43:35,100,0,25,100
2023-06-26T09:55:56,100,0,25,100
2023-06-26T10:08:27,100,0,25,100
2023-06-26T10:20:47,100,0,25,100
2023-06-26T10:33:08,100,0,25,100
2023-06-26T10:45:28,100,0,25,100
2023-06-26T10:57:49,100,0,25,100
2023-06-26T11:10:09,100,0,25,100
2023-06-26T11:22:29,100,0,25,100
2023-06-26T11:35:03,100,0,25,100
2023-06-26T11:47:24,100,0,25,100
2023-06-26T11:59:44,100,0,25,100
2023-06-26T12:12:03,100,0,25,100
2023-06-26T12:24:24,100,0,25,100
2023-06-26T12:36:44,100,0,25,100
2023-06-26T12:49:04,100,0,25,100
2023-06-26T13:01:35,100,0,25,100
2023-06-26T13:13:55,100,0,25,100
2023-06-26T13:26:16,100,0,25,100
2023-06-26T13:38:38,100,0,25,100
2023-06-26T13:50:59,100,0,25,100
2023-06-26T14:03:20,100,0,25,100
2023-06-26T14:15:52,100,0,25,100
2023-06-26T14:28:14,100,0,25,100
2023-06-26T14:40:37,100,0,25,100
2023-06-26T14:52:58,100,0,25,100
2023-06-26T15:05:19,100,0,25,100
2023-06-26T15:17:41,100,0,25,100
2023-06-26T15:30:02,100,0,25,100
2023-06-26T15:42:24,100,0,25,100
2023-06-26T15:54:56,100,0,25,100
2023-06-26T16:07:18,100,0,25,100
2023-06-26T16:19:40,100,0,25,100
2023-06-26T16:32:01,100,0,25,100
2023-06-26T16:44:22,100,0,25,100
2023-06-26T16:56:43,100,0,25,100
2023-06-26T17:09:16,100,0,25,100
2023-06-26T17:21:38,100,0,25,100
2023-06-26T17:33:59,100,0,25,100
2023-06-26T17:46:20,100,0,25,100
2023-06-26T17:58:41,100,0,25,100
2023-06-26T18:11:03,100,0,25,100
2023-06-26T18:23:24,100,0,25,100
2023-06-26T18:35:45,100,0,25,100
2023-06-26T18:48:06,100,0,25,100
2023-06-26T19:00:38,100,0,25,100
2023-06-26T19:12:59,100,0,25,100
2023-06-26T19:25:20,100,0,25,100
2023-06-26T19:37:42,100,0,25,100
2023-06-26T19:50:03,100,0,25,100
2023-06-26T20:02:24,100,0,25,100
2023-06-26T20:14:45,100,0,25,100
2023-06-26T20:27:08,100,0,25,100
2023-06-26T20:39:29,100,0,25,100
2023-06-26T20:51:50,100,0,25,100
2023-06-26T21:04:21,100,0,25,100
2023-06-26T21:16:43,100,0,25,100
2023-06-26T21:29:04,100,0,25,100
2023-06-26T21:41:25,100,0,25,100
2023-06-26T21:53:47,100,0,25,100
2023-06-26T22:06:07,100,0,25,100
2023-06-26T22:18:28,100,0,25,100
2023-06-26T22:30:51,100,0,25,100
2023-06-26T22:43:11,100,0,25,100
2023-06-26T22:55:32,100,0,25,100
2023-06-26T23:07:54,100,0,25,100
2023-06-26T23:20:28,100,0,25,100
2023-06-26T23:32:50,100,0,25,100
2023-06-26T23:45:13,100,0,25,100
2023-06-26T23:57:34,100,0,25,100
2023-06-27T00:10:00,100,0,25,100
2023-06-27T00:22:25,100,0,25,100
2023-06-27T00:34:50,100,0,25,100
2023-06-27T00:47:15,100,0,25,100
2023-06-27T00:59:40,100,0,25,100
2023-06-27T01:12:05,100,0,25,100
2023-06-27T01:24:31,100,0,25,100
2023-06-27T01:36:57,100,0,25,100
2023-06-27T01:49:20,100,0,25,100
2023-06-27T02:01:43,100,0,25,100
2023-06-27T02:14:18,100,0,25,100
2023-06-27T02:26:42,100,0,25,100
2023-06-27T02:39:05,100,0,25,100
2023-06-27T02:51:28,100,0,25,100
2023-06-27T03:03:50,100,0,25,100
2023-06-27T03:16:13,100,0,25,100
2023-06-27T03:28:36,100,0,25,100
2023-06-27T03:41:00,100,0,25,100
2023-06-27T03:53:23,100,0,25,100
2023-06-27T04:05:47,100,0,25,100
2023-06-27T04:20:52,100,0,25,100
2023-06-27T04:34:35,100,0,25,100
2023-06-27T04:47:23,100,0,25,100
2023-06-27T04:59:50,100,0,25,100
2023-06-27T05:12:33,100,0,25,100
2023-06-27T05:24:59,100,0,25,100
2023-06-27T05:37:23,100,0,25,100
2023-06-27T05:49:48,100,0,25,100
2023-06-27T06:02:11,100,0,25,100
2023-06-27T06:14:35,100,0,25,100
2023-06-27T06:26:59,100,0,25,100
2023-06-27T06:39:24,100,0,25,100
2023-06-27T06:51:48,100,0,25,100
2023-06-27T07:04:13,100,0,25,100
2023-06-27T07:16:35,100,0,25,100
2023-06-27T07:29:01,100,0,25,100
2023-06-27T07:41:24,100,0,25,100
2023-06-27T07:53:47,100,0,25,100
2023-06-27T08:06:10,100,0,25,100
2023-06-27T08:18:34,100,0,25,100
2023-06-27T08:30:57,100,0,25,100
2023-06-27T08:43:28,100,0,25,100
2023-06-27T08:55:51,100,0,25,100
2023-06-27T09:08:14,100,0,25,100
2023-06-27T09:20:36,100,0,25,100
2023-06-27T09:32:59,100,0,25,100
2023-06-27T09:45:23,100,0,25,100
2023-06-27T09:57:46,100,0,25,100
2023-06-27T10:10:09,100,0,25,100
2023-06-27T10:22:33,100,0,25,100
2023-06-27T10:34:56,100,0,25,100
2023-06-27T10:47:18,100,0,25,100
2023-06-27T10:59:54,100,0,25,100
2023-06-27T11:12:16,100,0,25,100
2023-06-27T11:24:38,100,0,25,100
2023-06-27T11:37:00,100,0,25,100
2023-06-27T11:49:22,100,0,25,100
2023-06-27T12:01:44,100,0,25,100
2023-06-27T12:14:06,100,0,25,100
2023-06-27T12:26:28,100,0,25,100
2023-06-27T12:38:51,100,0,25,100
2023-06-27T12:51:25,100,0,25,100
2023-06-27T13:03:48,100,0,25,100
2023-06-27T13:16:10,100,0,25,100
2023-06-27T13:28:32,100,0,25,100
2023-06-27T13:40:55,100,0,25,100
2023-06-27T13:53:17,100,0,25,100
2023-06-27T14:05:39,100,0,25,100
2023-06-27T14:18:01,100,0,25,100
2023-06-27T14:30:23,100,0,25,100
2023-06-27T14:42:56,100,0,25,100
2023-06-27T14:55:18,100,0,25,100
2023-06-27T15:07:39,100,0,25,100
2023-06-27T15:20:01,100,0,25,100
2023-06-27T15:32:24,100,0,25,100
2023-06-27T15:44:48,100,0,25,100
2023-06-27T15:57:11,100,0,25,100
2023-06-27T16:09:34,100,0,25,100
2023-06-27T16:22:07,100,0,25,100
2023-06-27T16:34:30,100,0,25,100
2023-06-27T16:46:54,100,0,25,100
2023-06-27T16:59:18,100,0,25,100
2023-06-27T17:11:42,100,0,25,100
2023-06-27T17:24:05,100,0,25,100
2023-06-27T17:36:28,100,0,25,100
2023-06-27T17:48:51,100,0,25,100
2023-06-27T18:01:13,100,0,25,100
2023-06-27T18:13:46,100,0,25,100
2023-06-27T18:26:08,100,0,25,100
2023-06-27T18:38:30,100,0,25,100
2023-06-27T18:50:51,100,0,25,100
2023-06-27T19:03:14,100,0,25,100
2023-06-27T19:15:36,100,0,25,100
2023-06-27T19:27:58,100,0,25,100
2023-06-27T19:40:21,100,0,25,100
2023-06-27T19:52:43,100,0,25,100
2023-06-27T20:05:05,100,0,25,100
2023-06-27T20:17:27,100,0,25,100
2023-06-27T20:29:49,100,0,25,100
2023-06-27T20:42:23,100,0,25,100
2023-06-27T20:54:45,100,0,25,100
2023-06-27T21:07:07,100,0,25,100
2023-06-27T21:19:29,100,0,25,100
2023-06-27T21:31:51,100,0,25,100
2023-06-27T21:44:13,100,0,25,100
2023-06-27T21:56:35,100,0,25,100
2023-06-27T22:08:57,100,0,25,100
2023-06-27T22:21:19,100,0,25,100
2023-06-27T22:33:41,100,0,25,100
2023-06-27T22:46:03,100,0,25,100
2023-06-27T22:58:35,100,0,25,100
2023-06-27T23:10:59,100,0,25,100
2023-06-27T23:23:21,100,0,25,100
2023-06-27T23:35:44,100,0,25,100
2023-06-27T23:48:07,100,0,25,100
2023-06-28T00:00:30,100,0,25,100
2023-06-28T00:12:55,100,0,25,100
2023-06-28T00:25:20,100,0,25,100
2023-06-28T00:37:46,100,0,25,100
2023-06-28T00:50:12,100,0,25,100
2023-06-28T01:02:38,100,0,25,100
2023-06-28T01:15:05,100,0,25,100
2023-06-28T01:27:43,100,0,25,100
2023-06-28T01:40:10,100,0,25,100
2023-06-28T01:52:36,100,0,25,100
2023-06-28T02:05:01,100,0,25,100
2023-06-28T02:17:23,100,0,25,100
2023-06-28T02:29:45,100,0,25,100
2023-06-28T02:42:08,100,0,25,100
2023-06-28T02:54:30,100,0,25,100
2023-06-28T03:06:53,100,0,25,100
2023-06-28T03:19:20,100,0,25,100
2023-06-28T03:31:47,100,0,25,100
2023-06-28T03:44:31,100,0,25,100
2023-06-28T03:56:58,100,0,25,100
2023-06-28T04:09:36,100,0,25,100
2023-06-28T04:32:25,100,0,25,100
2023-06-28T04:46:32,100,0,25,100
2023-06-28T04:58:58,100,0,25,100
2023-06-28T05:11:26,100,0,25,100
2023-06-28T05:23:51,100,0,25,100
2023-06-28T05:36:16,100,0,25,100
2023-06-28T05:48:41,100,0,25,100
2023-06-28T06:01:07,100,0,25,100
2023-06-28T06:13:32,100,0,25,100
2023-06-28T06:25:58,100,0,25,100
2023-06-28T06:38:24,100,0,25,100
2023-06-28T06:50:52,100,0,25,100
2023-06-28T07:03:18,100,0,25,100
2023-06-28T07:15:43,100,0,25,100
2023-06-28T07:28:06,100,0,25,100
2023-06-28T07:40:29,100,0,25,100
2023-06-28T07:53:00,100,0,25,100
2023-06-28T08:05:24,100,0,25,100
2023-06-28T08:17:48,100,0,25,100
2023-06-28T08:30:12,100,0,25,100
2023-06-28T08:42:35,100,0,25,100
2023-06-28T08:54:59,100,0,25,100
2023-06-28T09:07:21,100,0,25,100
2023-06-28T09:19:44,100,0,25,100
2023-06-28T09:32:06,100,0,25,100
2023-06-28T09:44:28,100,0,25,100
2023-06-28T09:56:50,100,0,25,100
2023-06-28T10:09:22,100,0,25,100
2023-06-28T10:21:44,100,0,25,100
2023-06-28T10:34:07,100,0,25,100
2023-06-28T10:46:29,100,0,25,100
2023-06-28T10:58:51,100,0,25,100
2023-06-28T11:11:14,100,0,25,100
2023-06-28T11:23:37,100,0,25,100
2023-06-28T11:36:00,99,1,25,100
2023-06-28T11:48:22,99,1,25,100
2023-06-28T12:00:44,99,1,25,100
2023-06-28T12:13:18,99,1,25,100
2023-06-28T12:25:40,99,1,25,100
2023-06-28T12:38:02,99,1,25,100
2023-06-28T12:50:25,99,1,25,100
2023-06-28T13:02:48,99,1,25,100
2023-06-28T13:15:10,99,1,25,100
2023-06-28T13:27:32,99,1,25,100
2023-06-28T13:39:55,99,1,25,100
2023-06-28T13:52:29,99,1,25,100
2023-06-28T14:04:52,99,1,25,100
2023-06-28T14:17:15,99,1,25,100
2023-06-28T14:29:38,99,1,25,100
2023-06-28T14:42:01,99,1,25,100
2023-06-28T14:54:24,99,1,25,100
2023-06-28T15:06:46,99,1,25,100
2023-06-28T15:19:11,99,1,25,100
2023-06-28T15:31:33,99,1,25,100
2023-06-28T15:44:09,99,1,25,100
2023-06-28T15:56:32,99,1,25,100
2023-06-28T16:08:54,99,1,25,100
2023-06-28T16:21:17,99,1,25,100
2023-06-28T16:33:39,99,1,25,100
2023-06-28T16:46:01,99,1,25,100
2023-06-28T16:58:24,99,1,25,100
2023-06-28T17:10:47,99,1,25,100
2023-06-28T17:23:20,99,1,25,100
2023-06-28T17:35:43,99,1,25,100
2023-06-28T17:48:05,99,1,25,100
2023-06-28T18:00:28,99,1,25,100
2023-06-28T18:12:51,99,1,25,100
2023-06-28T18:25:13,99,1,25,100
2023-06-28T18:37:36,99,1,25,100
2023-06-28T18:49:57,99,1,25,100
2023-06-28T19:02:20,99,1,25,100
2023-06-28T19:14:54,99,1,25,100
2023-06-28T19:27:16,99,1,25,100
2023-06-28T19:39:39,99,1,25,100
2023-06-28T19:52:01,99,1,25,100
2023-06-28T20:04:24,99,1,25,100
2023-06-28T20:16:47,99,1,25,100
2023-06-28T20:29:09,99,1,25,100
2023-06-28T20:41:32,99,1,25,100
2023-06-28T20:53:54,99,1,25,100
2023-06-28T21:06:17,99,1,25,100
2023-06-28T21:18:40,99,1,25,100
2023-06-28T21:31:14,99,1,25,100
2023-06-28T21:43:36,99,1,25,100
2023-06-28T21:55:59,99,1,25,100
2023-06-28T22:08:23,99,1,25,100
2023-06-28T22:20:46,99,1,25,100
2023-06-28T22:33:09,100,0,24,100
2023-06-28T22:45:31,100,0,24,100
2023-06-28T22:57:54,100,0,24,100
2023-06-28T23:10:17,100,0,24,100
2023-06-28T23:22:41,100,0,24,100
2023-06-28T23:35:15,100,0,24,100
2023-06-28T23:47:38,100,0,24,100
2023-06-29T00:00:01,100,0,24,100
2023-06-29T00:12:30,100,0,24,100
2023-06-29T00:24:58,100,0,24,100
2023-06-29T00:37:24,100,0,24,100
2023-06-29T00:49:51,100,0,24,100
2023-06-29T01:02:18,100,0,24,100
2023-06-29T01:14:48,100,0,24,100
2023-06-29T01:27:13,100,0,24,100
2023-06-29T01:39:39,100,0,24,100
2023-06-29T01:52:04,100,0,24,100
2023-06-29T02:04:41,100,0,24,100
2023-06-29T02:17:06,100,0,24,100
2023-06-29T02:29:29,100,0,24,100
2023-06-29T02:41:53,100,0,24,100
2023-06-29T02:54:16,100,0,24,100
2023-06-29T03:06:39,100,0,24,100
2023-06-29T03:19:01,100,0,24,100
2023-06-29T03:31:24,100,0,24,100
2023-06-29T03:43:47,100,0,24,100
2023-06-29T03:56:09,100,0,24,100
2023-06-29T04:18:54,100,0,24,100
2023-06-29T04:31:19,100,0,24,100
2023-06-29T04:45:17,100,0,24,100
2023-06-29T04:58:02,100,0,24,100
2023-06-29T05:10:25,100,0,24,100
2023-06-29T05:22:51,100,0,24,100
2023-06-29T05:35:18,100,0,24,100
2023-06-29T05:47:45,100,0,24,100
2023-06-29T06:00:11,100,0,24,100
2023-06-29T06:12:40,100,0,24,100
2023-06-29T06:25:07,100,0,24,100
2023-06-29T06:37:34,100,0,24,100
2023-06-29T06:50:01,100,0,24,100
2023-06-29T07:02:44,100,0,24,100
2023-06-29T07:15:11,100,0,24,100
2023-06-29T07:27:37,100,0,24,100
2023-06-29T07:40:11,100,0,24,100
2023-06-29T07:52:38,100,0,24,100
2023-06-29T08:05:04,100,0,24,100
2023-06-29T08:17:29,100,0,24,100
2023-06-29T08:29:53,100,0,24,100
2023-06-29T08:42:18,100,0,24,100
2023-06-29T08:54:42,100,0,24,100
2023-06-29T09:07:08,100,0,24,100
2023-06-29T09:19:33,100,0,24,100
2023-06-29T09:31:57,100,0,24,100
2023-06-29T09:44:32,100,0,24,100
2023-06-29T09:56:56,100,0,24,100
2023-06-29T10:09:20,100,0,24,100
2023-06-29T10:21:45,100,0,24,100
2023-06-29T10:34:09,100,0,24,100
2023-06-29T10:46:33,100,0,24,100
2023-06-29T10:58:57,100,0,24,100
2023-06-29T11:11:22,100,0,24,100
2023-06-29T11:23:46,100,0,24,100
2023-06-29T11:36:10,100,0,24,100
2023-06-29T11:48:46,100,0,24,100
2023-06-29T12:01:10,100,0,24,100
2023-06-29T12:13:32,100,0,24,100
2023-06-29T12:25:55,100,0,24,100
2023-06-29T12:38:18,100,0,24,100
2023-06-29T12:50:42,100,0,24,100
2023-06-29T13:03:04,100,0,24,100
2023-06-29T13:15:27,100,0,24,100
2023-06-29T13:27:49,100,0,24,100
2023-06-29T13:40:22,100,0,24,100
2023-06-29T13:52:45,100,0,24,100
2023-06-29T14:05:07,100,0,24,100
2023-06-29T14:17:29,100,0,24,100
2023-06-29T14:29:52,100,0,24,100
2023-06-29T14:42:15,100,0,24,100
2023-06-29T14:54:38,100,0,24,100
2023-06-29T15:07:01,100,0,24,100
2023-06-29T15:19:34,100,0,24,100
2023-06-29T15:31:57,100,0,24,100
2023-06-29T15:44:20,100,0,24,100
2023-06-29T15:56:43,100,0,24,100
2023-06-29T16:09:07,100,0,24,100
2023-06-29T16:21:29,100,0,24,100
2023-06-29T16:33:52,100,0,24,100
2023-06-29T16:46:14,100,0,24,100
2023-06-29T16:58:37,100,0,24,100
2023-06-29T17:11:12,100,0,24,100
2023-06-29T17:23:35,100,0,24,100
2023-06-29T17:35:58,100,0,24,100
2023-06-29T17:48:20,100,0,24,100
2023-06-29T18:00:43,100,0,24,100
2023-06-29T18:13:06,100,0,24,100
2023-06-29T18:25:30,100,0,24,100
2023-06-29T18:37:53,100,0,24,100
2023-06-29T18:50:15,100,0,24,100
2023-06-29T19:02:49,100,0,24,100
2023-06-29T19:15:12,100,0,24,100
2023-06-29T19:27:36,100,0,24,100
2023-06-29T19:39:59,100,0,24,100
2023-06-29T19:52:23,100,0,24,100
2023-06-29T20:04:46,100,0,24,100
2023-06-29T20:17:09,100,0,24,100
2023-06-29T20:29:33,100,0,24,100
2023-06-29T20:42:09,100,0,24,100
2023-06-29T20:54:33,100,0,24,100
2023-06-29T21:06:56,100,0,24,100
2023-06-29T21:19:19,100,0,24,100
2023-06-29T21:31:42,100,0,24,100
2023-06-29T21:44:06,100,0,24,100
2023-06-29T21:56:29,100,0,24,100
2023-06-29T22:08:55,100,0,24,100
2023-06-29T22:21:17,100,0,24,100
2023-06-29T22:33:42,100,0,24,100
2023-06-29T22:46:06,100,0,24,100
2023-06-29T22:58:40,100,0,24,100
2023-06-29T23:11:04,100,0,24,100
2023-06-29T23:23:28,100,0,24,100
2023-06-29T23:35:52,100,0,24,100
2023-06-29T23:48:15,100,0,24,100
2023-06-30T00:00:39,100,0,24,100
2023-06-30T00:13:10,100,0,24,100
2023-06-30T00:25:38,100,0,24,100
2023-06-30T00:38:06,100,0,24,100
2023-06-30T00:50:32,100,0,24,100
2023-06-30T01:03:00,100,0,24,100
2023-06-30T01:15:41,100,0,24,100
2023-06-30T01:28:09,100,0,24,100
2023-06-30T01:40:36,100,0,24,100
2023-06-30T01:53:03,100,0,24,100
2023-06-30T02:05:29,100,0,24,100
2023-06-30T02:17:55,100,0,24,100
2023-06-30T02:30:20,100,0,24,100
2023-06-30T02:42:45,100,0,24,100
2023-06-30T02:55:12,100,0,24,100
2023-06-30T03:07:39,100,0,24,100
2023-06-30T03:20:07,100,0,24,100
2023-06-30T03:32:34,100,0,24,100
2023-06-30T03:45:18,100,0,24,100
2023-06-30T03:57:45,100,0,24,100
2023-06-30T04:10:13,100,0,24,100
2023-06-30T04:23:09,100,0,24,100
2023-06-30T04:35:37,100,0,24,100
2023-06-30T04:49:45,100,0,24,100
2023-06-30T05:02:11,100,0,24,100
2023-06-30T05:14:41,100,0,24,100
2023-06-30T05:27:09,100,0,24,100
2023-06-30T05:39:35,100,0,24,100
2023-06-30T05:52:01,100,0,24,100
2023-06-30T06:04:28,100,0,24,100
2023-06-30T06:16:54,100,0,24,100
2023-06-30T06:29:21,100,0,24,100
2023-06-30T06:41:47,100,0,24,100
2023-06-30T06:54:17,100,0,24,100
2023-06-30T07:06:45,100,0,24,100
2023-06-30T07:19:17,100,0,24,100
2023-06-30T07:31:43,100,0,24,100
2023-06-30T07:44:07,100,0,24,100
2023-06-30T07:56:31,100,0,24,100
2023-06-30T08:08:56,100,0,24,100
2023-06-30T08:21:22,100,0,24,100
2023-06-30T08:33:47,100,0,24,100
2023-06-30T08:46:12,100,0,24,100
2023-06-30T08:58:36,100,0,24,100
2023-06-30T09:11:00,100,0,24,100
2023-06-30T09:23:23,100,0,24,100
2023-06-30T09:35:46,100,0,24,100
2023-06-30T09:48:09,100,0,24,100
2023-06-30T10:00:32,100,0,24,100
2023-06-30T10:13:07,100,0,24,100
2023-06-30T10:25:30,100,0,24,100
2023-06-30T10:37:53,100,0,24,100
2023-06-30T10:50:17,100,0,24,100
2023-06-30T11:02:40,100,0,24,100
2023-06-30T11:15:03,100,0,24,100
2023-06-30T11:27:27,100,0,24,100
2023-06-30T11:39:51,100,0,24,100
2023-06-30T11:52:14,100,0,24,100
2023-06-30T12:04:50,100,0,24,100
2023-06-30T12:17:14,100,0,24,100
2023-06-30T12:29:38,100,0,24,100
2023-06-30T12:42:01,100,0,24,100
2023-06-30T12:54:25,100,0,24,100
2023-06-30T13:06:48,100,0,24,100
2023-06-30T13:19:12,100,0,24,100
2023-06-30T13:31:35,100,0,24,100
2023-06-30T13:44:10,100,0,24,100
2023-06-30T13:56:34,100,0,24,100
2023-06-30T14:08:57,100,0,24,100
2023-06-30T14:21:21,100,0,24,100
2023-06-30T14:33:44,100,0,24,100
2023-06-30T14:46:07,100,0,24,100
2023-06-30T14:58:30,100,0,24,100
2023-06-30T15:10:53,100,0,24,100
2023-06-30T15:23:27,100,0,24,100
2023-06-30T15:35:51,100,0,24,100
2023-06-30T15:48:15,100,0,24,100
2023-06-30T16:00:39,100,0,24,100
2023-06-30T16:13:02,100,0,24,100
2023-06-30T16:25:25,100,0,24,100
2023-06-30T16:37:48,100,0,24,100
2023-06-30T16:50:11,100,0,24,100
2023-06-30T17:02:44,100,0,24,100
2023-06-30T17:15:09,100,0,24,100
2023-06-30T17:27:32,100,0,24,100
2023-06-30T17:39:55,100,0,24,100
2023-06-30T17:52:18,100,0,24,100
2023-06-30T18:04:41,100,0,24,100
2023-06-30T18:17:04,100,0,24,100
2023-06-30T18:29:28,100,0,24,100
2023-06-30T18:41:51,100,0,24,100
2023-06-30T18:54:14,100,0,24,100
2023-06-30T19:06:49,100,0,24,100
2023-06-30T19:19:12,100,0,24,100
2023-06-30T19:31:36,100,0,24,100
2023-06-30T19:43:59,100,0,24,100
2023-06-30T19:56:22,100,0,24,100
2023-06-30T20:08:46,100,0,24,100
2023-06-30T20:21:09,100,0,24,100
2023-06-30T20:33:33,100,0,24,100
2023-06-30T20:45:56,100,0,24,100
2023-06-30T20:58:31,100,0,24,100
2023-06-30T21:10:54,100,0,24,100
2023-06-30T21:23:17,100,0,24,100
2023-06-30T21:35:40,100,0,24,100
2023-06-30T21:48:03,100,0,24,100
2023-06-30T22:00:27,100,0,24,100
2023-06-30T22:12:50,100,0,24,100
2023-06-30T22:33:20,100,0,24,100
2023-06-30T22:46:18,100,0,24,100
2023-06-30T22:58:43,100,0,24,100
2023-06-30T23:11:07,100,0,24,100
2023-06-30T23:23:31,100,0,24,100
2023-06-30T23:36:00,100,0,24,100
2023-06-30T23:48:24,100,0,24,100
2023-07-01T00:00:48,100,0,24,100
2023-07-01T00:13:16,100,0,24,100
2023-07-01T00:25:44,100,0,24,100
2023-07-01T00:38:20,100,0,24,100
2023-07-01T00:50:48,100,0,24,100
2023-07-01T01:03:15,100,0,24,100
2023-07-01T01:15:45,100,0,24,100
2023-07-01T01:28:12,100,0,24,100
2023-07-01T01:40:40,100,0,24,100
2023-07-01T01:53:08,100,0,24,100
2023-07-01T02:05:35,100,0,24,100
2023-07-01T02:18:00,100,0,24,100
2023-07-01T02:30:25,100,0,24,100
2023-07-01T02:42:51,100,0,24,100
2023-07-01T02:55:16,100,0,24,100
2023-07-01T03:07:40,100,0,24,100
2023-07-01T03:20:06,100,0,24,100
2023-07-01T03:32:33,100,0,24,100
2023-07-01T03:44:58,100,0,24,100
2023-07-01T03:57:32,100,0,24,100
2023-07-01T04:09:58,100,0,24,100
2023-07-01T04:20:40,100,0,24,100
2023-07-01T04:33:32,100,0,24,100
2023-07-01T04:45:59,100,0,24,100
2023-07-01T04:58:26,100,0,24,100
2023-07-01T05:10:54,100,0,24,100
2023-07-01T05:23:27,100,0,24,100
2023-07-01T05:35:54,100,0,24,100
2023-07-01T05:48:26,100,0,24,100
2023-07-01T06:00:52,100,0,24,100
2023-07-01T06:13:18,100,0,24,100
2023-07-01T06:25:45,100,0,24,100
2023-07-01T06:38:11,100,0,24,100
2023-07-01T06:50:36,100,0,24,100
2023-07-01T07:03:07,100,0,24,100
2023-07-01T07:15:33,100,0,24,100
2023-07-01T07:27:59,100,0,24,100
2023-07-01T07:40:41,100,0,24,100
2023-07-01T07:53:07,100,0,24,100
2023-07-01T08:05:33,100,0,24,100
2023-07-01T08:18:00,100,0,24,100
2023-07-01T08:30:27,100,0,24,100
2023-07-01T08:42:53,100,0,24,100
2023-07-01T08:55:20,100,0,24,100
2023-07-01T09:07:46,100,0,24,100
2023-07-01T09:20:22,100,0,24,100
2023-07-01T09:32:48,100,0,24,100
2023-07-01T09:45:15,100,0,24,100
2023-07-01T09:57:41,100,0,24,100
2023-07-01T10:10:07,100,0,24,100
2023-07-01T10:22:33,100,0,24,100
2023-07-01T10:35:00,100,0,24,100
2023-07-01T10:47:25,100,0,24,100
2023-07-01T10:59:51,100,0,24,100
2023-07-01T11:12:15,100,0,24,100
2023-07-01T11:24:38,100,0,24,100
2023-07-01T11:37:22,100,0,24,100
2023-07-01T11:49:44,100,0,24,100
2023-07-01T12:02:08,100,0,24,100
2023-07-01T12:14:31,100,0,24,100
2023-07-01T12:26:54,100,0,24,100
2023-07-01T12:39:17,100,0,24,100
2023-07-01T12:51:40,100,0,24,100
2023-07-01T13:04:03,100,0,24,100
2023-07-01T13:16:26,100,0,24,100
2023-07-01T13:28:49,100,0,24,100
2023-07-01T13:41:12,100,0,24,100
2023-07-01T13:53:34,100,0,24,100
2023-07-01T14:05:58,100,0,24,100
2023-07-01T14:18:21,100,0,24,100
2023-07-01T14:30:54,100,0,24,100
2023-07-01T14:43:17,100,0,24,100
2023-07-01T14:55:40,100,0,24,100
2023-07-01T15:08:03,100,0,24,100
2023-07-01T15:20:26,100,0,24,100
2023-07-01T15:32:49,100,0,24,100
2023-07-01T15:45:11,100,0,24,100
2023-07-01T15:57:35,100,0,24,100
2023-07-01T16:09:58,100,0,24,100
2023-07-01T16:22:21,100,0,24,100
2023-07-01T16:34:44,100,0,24,100
2023-07-01T16:47:07,100,0,24,100
2023-07-01T16:59:30,100,0,24,100
2023-07-01T17:12:11,100,0,24,100
2023-07-01T17:24:35,100,0,24,100
2023-07-01T17:36:58,100,0,24,100
2023-07-01T17:49:21,100,0,24,100
2023-07-01T18:01:44,100,0,24,100
2023-07-01T18:14:09,100,0,24,100
2023-07-01T18:26:31,100,0,24,100
2023-07-01T18:38:54,100,0,24,100
2023-07-01T18:51:18,100,0,24,100
2023-07-01T19:03:42,100,0,24,100
2023-07-01T19:16:05,100,0,24,100
2023-07-01T19:28:29,100,0,24,100
2023-07-01T19:40:52,100,0,24,100
2023-07-01T19:53:15,100,0,24,100
2023-07-01T20:05:43,100,0,24,100
2023-07-01T20:18:06,100,0,24,100
2023-07-01T20:30:40,100,0,24,100
2023-07-01T20:43:03,100,0,24,100
2023-07-01T20:55:27,100,0,24,100
2023-07-01T21:07:51,100,0,24,100
2023-07-01T21:20:14,100,0,24,100
2023-07-01T21:32:38,100,0,24,100
2023-07-01T21:45:01,100,0,24,100
2023-07-01T21:57:24,100,0,24,100
2023-07-01T22:09:48,100,0,24,100
2023-07-01T22:22:11,100,0,24,100
2023-07-01T22:34:35,100,0,24,100
2023-07-01T22:47:18,100,0,24,100
2023-07-01T22:59:41,100,0,24,100
2023-07-01T23:12:06,100,0,24,100
2023-07-01T23:24:30,100,0,24,100
2023-07-01T23:36:53,100,0,24,100
2023-07-01T23:49:16,100,0,24,100
2023-07-02T00:02:00,100,0,24,100
2023-07-02T00:14:26,100,0,24,100
2023-07-02T00:26:52,100,0,24,100
2023-07-02T00:39:17,100,0,24,100
2023-07-02T00:51:41,100,0,24,100
2023-07-02T01:04:04,100,0,24,100
2023-07-02T01:16:30,100,0,24,100
2023-07-02T01:28:53,100,0,24,100
2023-07-02T01:41:17,100,0,24,100
2023-07-02T01:53:41,100,0,24,100
2023-07-02T02:06:05,100,0,24,100
2023-07-02T02:18:39,100,0,24,100
2023-07-02T02:31:05,100,0,24,100
2023-07-02T02:43:40,100,0,24,100
2023-07-02T02:56:07,100,0,24,100
2023-07-02T03:08:39,100,0,24,100
2023-07-02T03:21:08,100,0,24,100
2023-07-02T03:33:36,100,0,24,100
2023-07-02T03:46:04,100,0,24,100
2023-07-02T03:58:32,100,0,24,100
2023-07-02T04:18:22,100,0,24,100
2023-07-02T04:32:09,100,0,24,100
2023-07-02T04:44:58,100,0,24,100
2023-07-02T04:57:28,100,0,24,100
2023-07-02T05:09:57,100,0,24,100
2023-07-02T05:22:23,100,0,24,100
2023-07-02T05:34:50,100,0,24,100
2023-07-02T05:47:16,100,0,24,100
2023-07-02T05:59:43,100,0,24,100
2023-07-02T06:12:14,100,0,24,100
2023-07-02T06:24:44,100,0,24,100
2023-07-02T06:37:26,100,0,24,100
2023-07-02T06:49:53,100,0,24,100
2023-07-02T07:02:22,100,0,24,100
2023-07-02T07:14:49,100,0,24,100
2023-07-02T07:27:15,100,0,24,100
2023-07-02T07:39:41,100,0,24,100
2023-07-02T07:52:07,100,0,24,100
2023-07-02T08:04:35,100,0,24,100
2023-07-02T08:17:04,100,0,24,100
2023-07-02T08:29:44,100,0,24,100
2023-07-02T08:42:13,100,0,24,100
2023-07-02T08:54:41,100,0,24,100
2023-07-02T09:07:10,100,0,24,100
2023-07-02T09:19:38,100,0,24,100
2023-07-02T09:32:06,100,0,24,100
2023-07-02T09:44:36,100,0,24,100
2023-07-02T09:57:15,100,0,24,100
2023-07-02T10:09:45,100,0,24,100
2023-07-02T10:22:14,100,0,24,100
2023-07-02T10:34:44,100,0,24,100
2023-07-02T10:47:10,100,0,24,100
2023-07-02T10:59:36,100,0,24,100
2023-07-02T11:12:01,100,0,24,100
2023-07-02T11:24:25,100,0,24,100
2023-07-02T11:36:49,100,0,24,100
2023-07-02T11:49:12,100,0,24,100
2023-07-02T12:01:34,100,0,24,100
2023-07-02T12:13:57,100,0,24,100
2023-07-02T12:26:31,100,0,24,100
2023-07-02T12:38:55,100,0,24,100
2023-07-02T12:51:17,100,0,24,100
2023-07-02T13:03:40,100,0,24,100
2023-07-02T13:16:04,100,0,24,100
2023-07-02T13:28:27,100,0,24,100
2023-07-02T13:40:50,100,0,24,100
2023-07-02T13:53:13,100,0,24,100
2023-07-02T14:05:35,100,0,24,100
2023-07-02T14:17:59,100,0,24,100
2023-07-02T14:30:33,100,0,24,100
2023-07-02T14:42:56,100,0,24,100
2023-07-02T14:55:19,100,0,24,100
2023-07-02T15:07:43,100,0,24,100
2023-07-02T15:20:06,100,0,24,100
2023-07-02T15:32:30,100,0,24,100
2023-07-02T15:44:54,100,0,24,100
2023-07-02T15:57:17,100,0,24,100
2023-07-02T16:09:41,100,0,24,100
2023-07-02T16:22:05,100,0,24,100
2023-07-02T16:34:40,100,0,24,100
2023-07-02T16:47:03,100,0,24,100
2023-07-02T16:59:26,100,0,24,100
2023-07-02T17:11:50,100,0,24,100
2023-07-02T17:24:13,100,0,24,100
2023-07-02T17:36:36,100,0,24,100
2023-07-02T17:48:59,100,0,24,100
2023-07-02T18:01:22,100,0,24,100
2023-07-02T18:13:45,100,0,24,100
2023-07-02T18:26:09,100,0,24,100
2023-07-02T18:38:33,100,0,24,100
2023-07-02T18:50:57,100,0,24,100
2023-07-02T19:03:33,100,0,24,100
2023-07-02T19:15:58,100,0,24,100
2023-07-02T19:28:21,100,0,24,100
2023-07-02T19:40:44,100,0,24,100
2023-07-02T19:53:07,100,0,24,100
2023-07-02T20:05:30,100,0,24,100
2023-07-02T20:17:53,100,0,24,100
2023-07-02T20:30:16,100,0,24,100
2023-07-02T20:42:39,100,0,24,100
2023-07-02T20:55:05,100,0,24,100
2023-07-02T21:07:38,100,0,24,100
2023-07-02T21:20:01,100,0,24,100
2023-07-02T21:32:24,100,0,24,100
2023-07-02T21:44:47,100,0,24,100
2023-07-02T21:57:10,100,0,24,100
2023-07-02T22:09:33,100,0,24,100
2023-07-02T22:21:56,100,0,24,100
2023-07-02T22:34:20,100,0,24,100
2023-07-02T22:46:42,100,0,24,100
2023-07-02T22:59:05,100,0,24,100
2023-07-02T23:11:39,100,0,24,100
2023-07-02T23:24:03,100,0,24,100
2023-07-02T23:36:26,100,0,24,100
2023-07-02T23:48:50,100,0,24,100
2023-07-03T00:01:15,100,0,24,100
2023-07-03T00:13:47,100,0,24,100
2023-07-03T00:26:20,100,0,24,100
2023-07-03T00:38:53,100,0,24,100
2023-07-03T00:51:19,100,0,24,100
2023-07-03T01:03:55,100,0,24,100
2023-07-03T01:16:26,100,0,24,100
2023-07-03T01:28:55,100,0,24,100
2023-07-03T01:41:22,100,0,24,100
2023-07-03T01:53:49,100,0,24,100
2023-07-03T02:06:30,100,0,24,100
2023-07-03T02:18:58,100,0,24,100
2023-07-03T02:31:25,100,0,24,100
2023-07-03T02:43:50,100,0,24,100
2023-07-03T02:56:15,100,0,24,100
2023-07-03T03:08:41,100,0,24,100
2023-07-03T03:21:07,100,0,24,100
2023-07-03T03:33:34,100,0,24,100
2023-07-03T03:46:00,100,0,24,100
2023-07-03T03:58:27,100,0,24,100
2023-07-03T04:11:04,100,0,24,100
2023-07-03T04:29:56,100,0,24,100
2023-07-03T04:42:24,100,0,24,100
2023-07-03T04:56:36,100,0,24,100
2023-07-03T05:09:06,100,0,24,100
2023-07-03T05:21:32,100,0,24,100
2023-07-03T05:34:00,100,0,24,100
2023-07-03T05:46:26,100,0,24,100
2023-07-03T05:58:52,100,0,24,100
2023-07-03T06:11:20,100,0,24,100
2023-07-03T06:23:47,100,0,24,100
2023-07-03T06:36:13,100,0,24,100
2023-07-03T06:48:43,100,0,24,100
2023-07-03T07:01:11,100,0,24,100
2023-07-03T07:13:37,100,0,24,100
2023-07-03T07:26:09,100,0,24,100
2023-07-03T07:38:32,100,0,24,100
2023-07-03T07:50:57,100,0,24,100
2023-07-03T08:03:20,100,0,24,100
2023-07-03T08:15:43,100,0,24,100
2023-07-03T08:28:06,100,0,24,100
2023-07-03T08:40:30,100,0,24,100
2023-07-03T08:52:54,100,0,24,100
2023-07-03T09:05:17,100,0,24,100
2023-07-03T09:17:54,100,0,24,100
2023-07-03T09:30:17,100,0,24,100
2023-07-03T09:42:41,100,0,24,100
2023-07-03T09:55:05,100,0,25,100
2023-07-03T10:07:30,100,0,25,100
2023-07-03T10:19:54,100,0,25,100
2023-07-03T10:32:18,100,0,25,100
2023-07-03T10:44:54,100,0,25,100
2023-07-03T10:57:18,100,0,25,100
2023-07-03T11:09:43,100,0,25,100
2023-07-03T11:22:07,100,0,25,100
2023-07-03T11:34:32,100,0,25,100
2023-07-03T11:47:09,100,0,25,100
2023-07-03T11:59:35,100,0,25,100
2023-07-03T12:12:01,100,0,25,100
2023-07-03T12:24:26,100,0,25,100
2023-07-03T12:36:53,100,0,25,100
2023-07-03T12:49:18,100,0,25,100
2023-07-03T13:01:44,100,0,25,100
2023-07-03T13:14:10,100,0,25,100
2023-07-03T13:26:48,100,0,25,100
2023-07-03T13:39:13,100,0,25,100
2023-07-03T13:51:38,100,0,25,100
2023-07-03T14:04:03,100,0,25,100
2023-07-03T14:16:29,100,0,26,100
2023-07-03T14:28:54,100,0,26,100
2023-07-03T14:41:18,100,0,26,100
2023-07-03T14:53:42,100,0,26,100
2023-07-03T15:06:17,100,0,26,100
2023-07-03T15:18:41,100,0,26,100
2023-07-03T15:31:04,100,0,26,100
2023-07-03T15:43:28,100,0,26,100
2023-07-03T15:55:52,100,0,26,100
2023-07-03T16:08:17,100,0,26,100
2023-07-03T16:20:41,100,0,26,100
2023-07-03T16:33:05,100,0,26,100
2023-07-03T16:45:28,100,0,26,100
2023-07-03T16:57:52,100,0,26,100
2023-07-03T17:10:17,100,0,26,100
2023-07-03T17:22:53,100,0,26,100
2023-07-03T17:35:16,100,0,26,100
2023-07-03T17:47:41,100,0,26,100
2023-07-03T18:00:04,100,0,26,100
2023-07-03T18:12:28,100,0,26,100
2023-07-03T18:24:52,100,0,26,100
2023-07-03T18:37:16,100,0,26,100
2023-07-03T18:49:42,100,0,26,100
2023-07-03T19:02:06,100,0,26,100
2023-07-03T19:14:30,100,0,26,100
2023-07-03T19:27:04,100,0,26,100
2023-07-03T19:39:28,100,0,26,100
2023-07-03T19:51:52,100,0,26,100
2023-07-03T20:04:15,100,0,26,100
2023-07-03T20:16:39,100,0,26,100
2023-07-03T20:29:03,100,0,26,100
2023-07-03T20:41:26,100,0,26,100
2023-07-03T20:53:50,100,0,26,100
2023-07-03T21:06:14,100,0,26,100
2023-07-03T21:18:38,100,0,26,100
2023-07-03T21:31:02,100,0,26,100
2023-07-03T21:43:25,100,0,26,100
2023-07-03T21:55:59,100,0,26,100
2023-07-03T22:08:23,100,0,26,100
2023-07-03T22:20:47,100,0,26,100
2023-07-03T22:33:11,100,0,26,100
2023-07-03T22:45:36,100,0,26,100
2023-07-03T22:57:59,100,0,26,100
2023-07-03T23:10:24,100,0,26,100
2023-07-03T23:22:49,100,0,26,100
2023-07-03T23:35:14,100,0,26,100
2023-07-03T23:47:39,100,0,26,100
2023-07-04T00:00:03,100,0,26,100
2023-07-04T00:12:40,100,0,26,100
2023-07-04T00:25:07,100,0,26,100
2023-07-04T00:37:34,100,0,26,100
2023-07-04T00:50:02,100,0,26,100
2023-07-04T01:02:31,100,0,26,100
2023-07-04T01:14:59,100,0,26,100
2023-07-04T01:27:26,100,0,26,100
2023-07-04T01:39:53,100,0,26,100
2023-07-04T01:52:20,100,0,26,100
2023-07-04T02:04:47,100,0,26,100
2023-07-04T02:17:16,100,0,26,100
2023-07-04T02:29:43,100,0,26,100
2023-07-04T02:42:11,100,0,26,100
2023-07-04T02:54:36,100,0,26,100
2023-07-04T03:07:02,100,0,26,100
2023-07-04T03:19:42,100,0,26,100
2023-07-04T03:32:09,100,0,26,100
2023-07-04T03:44:37,100,0,26,100
2023-07-04T03:57:05,100,0,26,100
2023-07-04T04:09:34,100,0,26,100
2023-07-04T04:25:18,100,0,26,100
2023-07-04T04:38:35,100,0,26,100
2023-07-04T04:52:04,100,0,26,100
2023-07-04T05:04:31,100,0,26,100
2023-07-04T05:16:57,100,0,26,100
2023-07-04T05:29:22,100,0,26,100
2023-07-04T05:41:46,100,0,26,100
2023-07-04T05:54:10,100,0,26,100
2023-07-04T06:06:34,100,0,26,100
2023-07-04T06:18:57,100,0,26,100
2023-07-04T06:31:22,100,0,26,100
2023-07-04T06:43:50,100,0,26,100
2023-07-04T06:56:17,100,0,26,100
2023-07-04T07:08:46,100,0,26,100
2023-07-04T07:21:13,100,0,26,100
2023-07-04T07:33:40,100,0,26,100
2023-07-04T07:46:09,100,0,26,100
2023-07-04T07:58:36,100,0,26,100
2023-07-04T08:11:03,100,0,26,100
2023-07-04T08:23:45,100,0,26,100
2023-07-04T08:36:12,100,0,26,100
2023-07-04T08:48:39,100,0,26,100
2023-07-04T09:01:06,100,0,26,100
2023-07-04T09:13:32,100,0,26,100
2023-07-04T09:25:58,100,0,26,100
2023-07-04T09:38:26,100,0,26,100
2023-07-04T09:50:54,100,0,26,100
2023-07-04T10:03:21,100,0,26,100
2023-07-04T10:15:47,100,0,26,100
2023-07-04T10:28:13,100,0,26,100
2023-07-04T10:40:38,100,0,26,100
2023-07-04T10:53:05,100,0,26,100
2023-07-04T11:05:40,100,0,26,100
2023-07-04T11:18:06,100,0,26,100
2023-07-04T11:30:32,100,0,26,100
2023-07-04T11:42:58,100,0,26,100
2023-07-04T11:55:24,100,0,26,100
2023-07-04T12:07:50,100,0,26,100
2023-07-04T12:20:16,100,0,26,100
2023-07-04T12:32:52,100,0,26,100
2023-07-04T12:45:17,100,0,26,100
2023-07-04T12:57:41,100,0,26,100
2023-07-04T13:10:05,100,0,26,100
2023-07-04T13:22:28,100,0,26,100
2023-07-04T13:34:51,100,0,26,100
2023-07-04T13:47:15,100,0,26,100
2023-07-04T13:59:38,100,0,26,100
2023-07-04T14:12:02,100,0,26,100
2023-07-04T14:24:25,100,0,26,100
2023-07-04T14:37:08,100,0,26,100
2023-07-04T14:49:32,100,0,26,100
2023-07-04T15:01:55,100,0,26,100
2023-07-04T15:14:19,100,0,26,100
2023-07-04T15:26:42,100,0,26,100
2023-07-04T15:39:06,100,0,26,100
2023-07-04T15:51:29,100,0,26,100
2023-07-04T16:03:53,100,0,26,100
2023-07-04T16:16:16,100,0,26,100
2023-07-04T16:28:40,100,0,26,100
2023-07-04T16:41:04,100,0,26,100
2023-07-04T16:53:38,100,0,26,100
2023-07-04T17:06:02,100,0,26,100
2023-07-04T17:18:27,100,0,26,100
2023-07-04T17:30:50,100,0,26,100
2023-07-04T17:43:14,100,0,26,100
2023-07-04T17:55:37,100,0,26,100
2023-07-04T18:08:01,100,0,26,100
2023-07-04T18:20:25,100,0,26,100
2023-07-04T18:32:48,100,0,26,100
2023-07-04T18:45:12,100,0,26,100
2023-07-04T18:57:36,100,0,26,100
2023-07-04T19:10:19,100,0,26,100
2023-07-04T19:22:43,100,0,26,100
2023-07-04T19:35:07,100,0,26,100
2023-07-04T19:47:30,100,0,26,100
2023-07-04T19:59:54,100,0,26,100
2023-07-04T20:12:18,100,0,26,100
2023-07-04T20:24:42,100,0,26,100
2023-07-04T20:37:05,100,0,26,100
2023-07-04T20:49:29,100,0,26,100
2023-07-04T21:01:53,100,0,26,100
2023-07-04T21:14:16,100,0,26,100
2023-07-04T21:26:40,100,0,26,100
2023-07-04T21:39:03,100,0,26,100
2023-07-04T21:51:27,100,0,26,100
2023-07-04T22:03:51,100,0,26,100
2023-07-04T22:16:24,100,0,26,100
2023-07-04T22:28:48,100,0,26,100
2023-07-04T22:41:12,100,0,26,100
2023-07-04T22:53:35,100,0,26,100
2023-07-04T23:06:00,100,0,26,100
2023-07-04T23:18:24,100,0,26,100
2023-07-04T23:30:49,100,0,26,100
2023-07-04T23:43:13,100,0,26,100
2023-07-04T23:55:37,100,0,26,100
2023-07-05T00:08:04,100,0,26,100
2023-07-05T00:20:32,100,0,26,100
2023-07-05T00:33:09,100,0,26,100
2023-07-05T00:45:36,100,0,26,100
2023-07-05T00:58:02,100,0,26,100
2023-07-05T01:10:29,100,0,26,100
2023-07-05T01:22:56,100,0,26,100
2023-07-05T01:35:26,100,0,26,100
2023-07-05T01:47:52,100,0,26,100
2023-07-05T02:00:19,100,0,26,100
2023-07-05T02:12:47,100,0,26,100
2023-07-05T02:25:15,100,0,26,100
2023-07-05T02:37:42,100,0,26,100
2023-07-05T02:50:11,100,0,26,100
2023-07-05T03:02:39,100,0,26,100
2023-07-05T03:15:08,100,0,26,100
2023-07-05T03:27:36,100,0,26,100
2023-07-05T03:40:25,100,0,26,100
2023-07-05T03:52:51,100,0,26,100
2023-07-05T04:15:40,100,0,26,100
2023-07-05T04:29:47,100,0,26,100
2023-07-05T04:42:15,100,0,26,100
2023-07-05T04:54:43,100,0,26,100
2023-07-05T05:07:11,100,0,26,100
2023-07-05T05:19:39,100,0,26,100
2023-07-05T05:32:07,100,0,26,100
2023-07-05T05:44:36,100,0,26,100
2023-07-05T05:57:01,100,0,26,100
2023-07-05T06:09:24,100,0,26,100
2023-07-05T06:21:47,100,0,26,100
2023-07-05T06:34:11,100,0,26,100
2023-07-05T06:46:34,100,0,26,100
2023-07-05T06:58:56,100,0,26,100
2023-07-05T07:11:19,100,0,26,100
2023-07-05T07:23:41,100,0,26,100
2023-07-05T07:36:01,100,0,26,100
2023-07-05T07:48:21,100,0,26,100
2023-07-05T08:00:41,100,0,26,100
2023-07-05T08:13:01,100,0,26,100
2023-07-05T08:25:32,100,0,26,100
2023-07-05T08:37:58,100,0,26,100
2023-07-05T08:50:22,100,0,26,100
2023-07-05T09:02:47,100,0,26,100
2023-07-05T09:15:11,100,0,26,100
2023-07-05T09:27:34,100,0,25,100
2023-07-05T09:40:00,100,0,25,100
2023-07-05T09:52:24,100,0,25,100
2023-07-05T10:04:49,100,0,25,100
2023-07-05T10:17:13,100,0,25,100
2023-07-05T10:29:37,100,0,25,100
2023-07-05T10:42:11,100,0,25,100
2023-07-05T10:54:35,100,0,25,100
2023-07-05T11:07:01,100,0,25,100
2023-07-05T11:19:26,100,0,25,100
2023-07-05T11:31:50,100,0,25,100
2023-07-05T11:44:15,100,0,25,100
2023-07-05T11:56:39,100,0,25,100
2023-07-05T12:09:03,100,0,25,100
2023-07-05T12:21:38,100,0,25,100
2023-07-05T12:34:03,100,0,25,100
2023-07-05T12:46:28,100,0,25,100
2023-07-05T12:58:52,100,0,25,100
2023-07-05T13:11:16,100,0,25,100
2023-07-05T13:23:41,100,0,25,100
2023-07-05T13:36:05,100,0,25,100
2023-07-05T13:48:43,100,0,25,100
2023-07-05T14:01:08,100,0,25,100
2023-07-05T14:13:32,100,0,25,100
2023-07-05T14:25:57,100,0,25,100
2023-07-05T14:38:21,100,0,25,100
2023-07-05T14:50:46,100,0,25,100
2023-07-05T15:03:10,100,0,25,100
2023-07-05T15:15:34,100,0,25,100
2023-07-05T15:27:59,100,0,25,100
2023-07-05T15:40:34,100,0,25,100
2023-07-05T15:52:59,100,0,25,100
2023-07-05T16:05:23,100,0,25,100
2023-07-05T16:17:47,100,0,25,100
2023-07-05T16:30:12,100,0,25,100
2023-07-05T16:42:36,100,0,25,100
2023-07-05T16:55:00,100,0,25,100
2023-07-05T17:07:25,100,0,25,100
2023-07-05T17:19:50,100,0,25,100
2023-07-05T17:32:15,100,0,25,100
2023-07-05T17:44:39,100,0,25,100
2023-07-05T17:57:14,100,0,25,100
2023-07-05T18:09:39,100,0,25,100
2023-07-05T18:22:04,100,0,25,100
2023-07-05T18:34:28,100,0,25,100
2023-07-05T18:46:52,100,0,25,100
2023-07-05T18:59:16,100,0,25,100
2023-07-05T19:11:41,100,0,25,100
2023-07-05T19:24:06,100,0,25,100
2023-07-05T19:36:30,100,0,25,100
2023-07-05T19:48:54,100,0,25,100
2023-07-05T20:01:19,100,0,25,100
2023-07-05T20:13:43,100,0,25,100
2023-07-05T20:26:17,100,0,25,100
2023-07-05T20:38:41,100,0,25,100
2023-07-05T20:51:06,100,0,25,100
2023-07-05T21:03:30,100,0,25,100
2023-07-05T21:15:54,100,0,25,100
2023-07-05T21:28:18,100,0,25,100
2023-07-05T21:40:42,100,0,25,100
2023-07-05T21:53:06,100,0,25,100
2023-07-05T22:05:30,100,0,25,100
2023-07-05T22:17:54,100,0,25,100
2023-07-05T22:30:18,100,0,25,100
2023-07-05T22:42:42,100,0,25,100
2023-07-05T22:55:06,100,0,25,100
2023-07-05T23:07:40,100,0,25,100
2023-07-05T23:20:04,100,0,25,100
2023-07-05T23:32:28,100,0,25,100
2023-07-05T23:44:53,100,0,25,100
2023-07-05T23:57:17,100,0,25,100
2023-07-06T00:09:44,100,0,25,100
2023-07-06T00:22:15,100,0,25,100
2023-07-06T00:34:42,100,0,25,100
2023-07-06T00:47:10,100,0,25,100
2023-07-06T00:59:39,100,0,25,100
2023-07-06T01:12:07,100,0,25,100
2023-07-06T01:24:34,100,0,25,100
2023-07-06T01:37:03,100,0,25,100
2023-07-06T01:49:32,100,0,25,100
2023-07-06T02:02:11,100,0,25,100
2023-07-06T02:14:37,100,0,25,100
2023-07-06T02:27:02,100,0,25,100
2023-07-06T02:39:27,100,0,25,100
2023-07-06T02:51:52,100,0,25,100
2023-07-06T03:04:17,100,0,25,100
2023-07-06T03:16:45,100,0,25,100
2023-07-06T03:29:11,100,0,25,100
2023-07-06T03:41:37,100,0,25,100
2023-07-06T03:54:03,100,0,25,100
2023-07-06T04:08:40,100,0,25,100
2023-07-06T04:25:29,100,0,25,100
2023-07-06T04:38:25,100,0,25,100
2023-07-06T04:50:54,100,0,25,100
2023-07-06T05:03:21,100,0,25,100
2023-07-06T05:15:47,100,0,25,100
2023-07-06T05:28:12,100,0,25,100
2023-07-06T05:40:37,100,0,25,100
2023-07-06T05:53:05,100,0,25,100
2023-07-06T06:05:34,100,0,25,100
2023-07-06T06:18:01,100,0,25,100
2023-07-06T06:30:28,100,0,25,100
2023-07-06T06:42:54,100,0,25,100
2023-07-06T06:55:20,100,0,25,100
2023-07-06T07:07:48,100,0,25,100
2023-07-06T07:20:17,100,0,25,100
2023-07-06T07:32:44,100,0,25,100
2023-07-06T07:45:12,100,0,25,100
2023-07-06T07:57:40,100,0,25,100
2023-07-06T08:10:10,100,0,25,100
2023-07-06T08:22:37,100,0,25,100
2023-07-06T08:35:04,100,0,25,100
2023-07-06T08:47:31,100,0,25,100
2023-07-06T09:00:06,100,0,25,100
2023-07-06T09:12:33,100,0,25,100
2023-07-06T09:24:59,100,0,25,100
2023-07-06T09:37:26,100,0,25,100
2023-07-06T09:49:52,100,0,25,100
2023-07-06T10:02:18,100,0,25,100
2023-07-06T10:14:44,100,0,25,100
2023-07-06T10:27:10,100,0,25,100
2023-07-06T10:39:36,100,0,25,100
2023-07-06T10:52:01,100,0,25,100
2023-07-06T11:04:38,100,0,25,100
2023-07-06T11:17:03,100,0,25,100
2023-07-06T11:29:28,100,0,25,100
2023-07-06T11:41:52,100,0,25,100
2023-07-06T11:54:17,100,0,25,100
2023-07-06T12:06:42,100,0,25,100
2023-07-06T12:19:07,100,0,25,100
2023-07-06T12:31:32,100,0,25,100
2023-07-06T12:44:07,100,0,25,100
2023-07-06T12:56:32,100,0,25,100
2023-07-06T13:08:57,100,0,25,100
2023-07-06T13:21:21,100,0,25,100
2023-07-06T13:33:46,100,0,25,100
2023-07-06T13:46:11,100,0,25,100
2023-07-06T13:58:35,100,0,25,100
2023-07-06T14:11:00,100,0,25,100
2023-07-06T14:23:37,100,0,25,100
2023-07-06T14:36:02,100,0,25,100
2023-07-06T14:48:27,100,0,25,100
2023-07-06T15:00:51,100,0,25,100
2023-07-06T15:13:16,100,0,25,100
2023-07-06T15:25:40,100,0,25,100
2023-07-06T15:38:05,100,0,25,100
2023-07-06T15:50:30,100,0,25,100
2023-07-06T16:03:05,100,0,25,100
2023-07-06T16:15:29,100,0,25,100
2023-07-06T16:27:55,100,0,25,100
2023-07-06T16:40:20,100,0,25,100
2023-07-06T16:52:45,100,0,25,100
2023-07-06T17:05:10,100,0,25,100
2023-07-06T17:17:37,100,0,25,100
2023-07-06T17:30:02,100,0,25,100
2023-07-06T17:42:40,100,0,25,100
2023-07-06T17:55:12,100,0,25,100
2023-07-06T18:07:37,100,0,25,100
2023-07-06T18:20:01,100,0,25,100
2023-07-06T18:32:26,100,0,25,100
2023-07-06T18:44:51,100,0,25,100
2023-07-06T18:57:16,100,0,25,100
2023-07-06T19:09:42,100,0,25,100
2023-07-06T19:22:07,100,0,25,100
2023-07-06T19:34:32,100,0,25,100
2023-07-06T19:46:57,100,0,25,100
2023-07-06T19:59:22,100,0,25,100
2023-07-06T20:11:57,100,0,25,100
2023-07-06T20:24:23,100,0,25,100
2023-07-06T20:36:48,100,0,25,100
2023-07-06T20:49:13,100,0,25,100
2023-07-06T21:01:38,100,0,25,100
2023-07-06T21:14:03,100,0,25,100
2023-07-06T21:26:28,100,0,25,100
2023-07-06T21:38:53,100,0,25,100
2023-07-06T21:51:18,100,0,25,100
2023-07-06T22:03:44,100,0,25,100
2023-07-06T22:16:09,100,0,25,100
2023-07-06T22:28:34,100,0,25,100
2023-07-06T22:40:59,100,0,25,100
2023-07-06T22:53:23,100,0,25,100
2023-07-06T23:06:00,100,0,25,100
2023-07-06T23:18:25,100,0,25,100
2023-07-06T23:30:50,100,0,25,100
2023-07-06T23:43:16,100,0,25,100
2023-07-06T23:55:42,100,0,25,100
2023-07-07T00:08:08,100,0,25,100
2023-07-07T00:20:41,100,0,25,100
2023-07-07T00:33:09,100,0,25,100
2023-07-07T00:45:38,100,0,25,100
2023-07-07T00:58:07,100,0,25,100
2023-07-07T01:10:36,100,0,25,100
2023-07-07T01:23:05,100,0,25,100
2023-07-07T01:35:35,100,0,25,100
2023-07-07T01:48:05,100,0,25,100
2023-07-07T02:00:34,100,0,25,100
2023-07-07T02:13:12,100,0,25,100
2023-07-07T02:25:42,100,0,25,100
2023-07-07T02:38:23,100,0,25,100
2023-07-07T02:50:53,100,0,25,100
2023-07-07T03:03:20,100,0,25,100
2023-07-07T03:15:49,100,0,25,100
2023-07-07T03:28:17,100,0,25,100
2023-07-07T03:40:45,100,0,25,100
2023-07-07T03:53:13,100,0,25,100
2023-07-07T04:05:40,100,0,25,100
2023-07-07T04:29:04,100,0,25,100
2023-07-07T04:41:53,100,0,25,100
2023-07-07T04:54:23,100,0,25,100
2023-07-07T05:06:52,100,0,25,100
2023-07-07T05:19:20,100,0,25,100
2023-07-07T05:31:49,100,0,25,100
2023-07-07T05:44:18,100,0,25,100
2023-07-07T05:56:47,100,0,25,100
2023-07-07T06:09:15,100,0,25,100
2023-07-07T06:21:43,100,0,25,100
2023-07-07T06:34:11,100,0,25,100
2023-07-07T06:46:39,100,0,25,100
2023-07-07T06:59:07,100,0,25,100
2023-07-07T07:11:35,100,0,25,100
2023-07-07T07:24:02,100,0,25,100
2023-07-07T07:36:28,100,0,25,100
2023-07-07T07:48:53,100,0,25,100
2023-07-07T08:01:18,100,0,25,100
2023-07-07T08:13:46,100,0,25,100
2023-07-07T08:26:11,100,0,25,100
2023-07-07T08:38:45,100,0,25,100
2023-07-07T08:51:10,100,0,25,100
2023-07-07T09:03:35,100,0,25,100
2023-07-07T09:16:00,100,0,25,100
2023-07-07T09:28:26,100,0,25,100
2023-07-07T09:40:51,100,0,25,100
2023-07-07T09:53:16,100,0,25,100
2023-07-07T10:05:40,100,0,25,100
2023-07-07T10:18:05,100,0,25,100
2023-07-07T10:30:30,100,0,25,100
2023-07-07T10:42:55,100,0,25,100
2023-07-07T10:55:20,100,0,25,100
2023-07-07T11:07:56,100,0,25,100
2023-07-07T11:20:21,100,0,25,100
2023-07-07T11:32:46,100,0,25,100
2023-07-07T11:45:11,100,0,25,100
2023-07-07T11:57:36,100,0,25,100
2023-07-07T12:10:01,100,0,25,100
2023-07-07T12:22:25,100,0,25,100
2023-07-07T12:34:50,100,0,25,100
2023-07-07T12:47:15,100,0,25,100
2023-07-07T12:59:39,100,0,25,100
2023-07-07T13:12:05,100,0,25,100
2023-07-07T13:24:30,100,0,25,100
2023-07-07T13:36:55,100,0,25,100
2023-07-07T13:49:33,100,0,25,100
2023-07-07T14:01:58,100,0,25,100
2023-07-07T14:14:22,100,0,25,100
2023-07-07T14:26:47,100,0,25,100
2023-07-07T14:39:12,100,0,25,100
2023-07-07T14:51:37,100,0,25,100
2023-07-07T15:04:03,100,0,25,100
2023-07-07T15:16:27,100,0,25,100
2023-07-07T15:28:52,100,0,25,100
2023-07-07T15:41:16,100,0,25,100
2023-07-07T15:53:41,100,0,25,100
2023-07-07T16:06:06,100,0,25,100
2023-07-07T16:18:31,100,0,25,100
2023-07-07T16:31:07,100,0,25,100
2023-07-07T16:43:32,100,0,25,100
2023-07-07T16:55:57,100,0,25,100
2023-07-07T17:08:23,100,0,25,100
2023-07-07T17:20:49,100,0,25,100
2023-07-07T17:33:14,100,0,25,100
2023-07-07T17:45:38,100,0,25,100
2023-07-07T17:58:02,100,0,25,100
2023-07-07T18:10:27,100,0,25,100
2023-07-07T18:22:52,100,0,25,100
2023-07-07T18:35:16,100,0,25,100
2023-07-07T18:47:51,100,0,25,100
2023-07-07T19:00:15,100,0,25,100
2023-07-07T19:12:41,100,0,25,100
2023-07-07T19:25:06,100,0,25,100
2023-07-07T19:37:31,100,0,25,100
2023-07-07T19:49:56,100,0,25,100
2023-07-07T20:02:22,100,0,25,100
2023-07-07T20:14:47,100,0,25,100
2023-07-07T20:27:12,100,0,25,100
2023-07-07T20:39:37,100,0,25,100
2023-07-07T20:52:02,100,0,25,100
2023-07-07T21:04:26,100,0,25,100
2023-07-07T21:16:53,100,0,25,100
2023-07-07T21:29:18,100,0,26,100
2023-07-07T21:41:43,100,0,26,100
2023-07-07T21:54:09,100,0,26,100
2023-07-07T22:06:33,100,0,26,100
2023-07-07T22:18:58,100,0,26,100
2023-07-07T22:31:34,100,0,26,100
2023-07-07T22:43:59,100,0,26,100
2023-07-07T22:56:23,100,0,26,100
2023-07-07T23:08:49,100,0,26,100
2023-07-07T23:21:15,100,0,26,100
2023-07-07T23:33:40,100,0,26,100
2023-07-07T23:46:05,100,0,26,100
2023-07-07T23:58:31,100,0,26,100
2023-07-08T00:10:58,100,0,26,100
2023-07-08T00:23:32,100,0,26,100
2023-07-08T00:36:01,100,0,26,100
2023-07-08T00:48:30,100,0,26,100
2023-07-08T01:00:58,100,0,26,100
2023-07-08T01:13:26,100,0,26,100
2023-07-08T01:25:56,100,0,26,100
2023-07-08T01:38:27,100,0,26,100
2023-07-08T01:50:57,100,0,26,100
2023-07-08T02:03:26,100,0,26,100
2023-07-08T02:16:05,100,0,26,100
2023-07-08T02:28:31,100,0,26,100
2023-07-08T02:40:57,100,0,26,100
2023-07-08T02:53:22,100,0,26,100
2023-07-08T03:05:46,100,0,26,100
2023-07-08T03:18:14,100,0,26,100
2023-07-08T03:30:41,100,0,26,100
2023-07-08T03:43:08,100,0,26,100
2023-07-08T03:55:35,100,0,26,100
2023-07-08T04:08:04,100,0,26,100
2023-07-08T04:27:50,100,0,26,100
2023-07-08T04:40:20,100,0,26,100
2023-07-08T04:52:47,100,0,26,100
2023-07-08T05:06:39,100,0,26,100
2023-07-08T05:19:28,100,0,26,100
2023-07-08T05:31:58,100,0,26,100
2023-07-08T05:44:27,100,0,26,100
2023-07-08T05:56:56,100,0,26,100
2023-07-08T06:09:26,100,0,26,100
2023-07-08T06:21:54,100,0,26,100
2023-07-08T06:34:23,100,0,26,100
2023-07-08T06:46:52,100,0,26,100
2023-07-08T06:59:20,100,0,26,100
2023-07-08T07:11:49,100,0,26,100
2023-07-08T07:24:16,100,0,26,100
2023-07-08T07:36:43,100,0,26,100
2023-07-08T07:49:21,100,0,26,100
2023-07-08T08:01:49,100,0,26,100
2023-07-08T08:14:17,100,0,26,100
2023-07-08T08:26:45,100,0,26,100
2023-07-08T08:39:12,100,0,26,100
2023-07-08T08:51:40,100,0,26,100
2023-07-08T09:04:08,100,0,26,100
2023-07-08T09:16:35,100,0,26,100
2023-07-08T09:29:02,100,0,26,100
2023-07-08T09:41:29,100,0,26,100
2023-07-08T09:53:57,100,0,26,100
2023-07-08T10:06:26,100,0,26,100
2023-07-08T10:18:53,100,0,26,100
2023-07-08T10:31:20,100,0,26,100
2023-07-08T10:43:47,100,0,26,100
2023-07-08T10:56:15,100,0,26,100
2023-07-08T11:08:41,100,0,26,100
2023-07-08T11:21:15,100,0,26,100
2023-07-08T11:33:39,100,0,26,100
2023-07-08T11:46:03,100,0,26,100
2023-07-08T11:58:28,100,0,26,100
2023-07-08T12:10:52,100,0,26,100
2023-07-08T12:23:16,100,0,26,100
2023-07-08T12:35:40,100,0,26,100
2023-07-08T12:48:05,100,0,26,100
2023-07-08T13:00:29,100,0,26,100
2023-07-08T13:12:54,100,0,26,100
2023-07-08T13:25:18,100,0,26,100
2023-07-08T13:37:42,100,0,26,100
2023-07-08T13:50:07,100,0,26,100
2023-07-08T14:02:33,100,0,26,100
2023-07-08T14:14:58,100,0,26,100
2023-07-08T14:27:22,100,0,26,100
2023-07-08T14:39:47,100,0,26,100
2023-07-08T14:52:11,100,0,26,100
2023-07-08T15:04:36,100,0,26,100
2023-07-08T15:17:10,100,0,26,100
2023-07-08T15:29:34,100,0,26,100
2023-07-08T15:41:58,100,0,26,100
2023-07-08T15:54:22,100,0,26,100
2023-07-08T16:06:46,100,0,26,100
2023-07-08T16:19:11,100,0,26,100
2023-07-08T16:31:36,100,0,26,100
2023-07-08T16:44:00,100,0,26,100
2023-07-08T16:56:24,100,0,26,100
2023-07-08T17:08:50,100,0,26,100
2023-07-08T17:21:15,100,0,26,100
2023-07-08T17:33:40,100,0,26,100
2023-07-08T17:46:05,100,0,26,100
2023-07-08T17:58:29,100,0,26,100
2023-07-08T18:10:53,100,0,26,100
2023-07-08T18:23:17,100,0,26,100
2023-07-08T18:35:42,100,0,26,100
2023-07-08T18:48:06,100,0,26,100
2023-07-08T19:00:30,100,0,26,100
2023-07-08T19:12:56,100,0,26,100
2023-07-08T19:25:31,100,0,26,100
2023-07-08T19:37:55,100,0,26,100
2023-07-08T19:50:20,100,0,26,100
2023-07-08T20:02:44,100,0,26,100
2023-07-08T20:15:09,100,0,26,100
2023-07-08T20:27:33,100,0,26,100
2023-07-08T20:39:58,100,0,26,100
2023-07-08T20:52:23,100,0,26,100
2023-07-08T21:04:47,100,0,26,100
2023-07-08T21:17:12,100,0,26,100
2023-07-08T21:29:37,100,0,26,100
2023-07-08T21:42:02,100,0,26,100
2023-07-08T21:54:27,100,0,26,100
2023-07-08T22:06:51,100,0,26,100
2023-07-08T22:19:16,100,0,26,100
2023-07-08T22:31:51,100,0,26,100
2023-07-08T22:44:15,100,0,26,100
2023-07-08T22:56:40,100,0,26,100
2023-07-08T23:09:06,100,0,26,100
2023-07-08T23:21:32,100,0,26,100
2023-07-08T23:33:57,100,0,26,100
2023-07-08T23:46:23,100,0,26,100
2023-07-08T23:58:48,100,0,26,100
2023-07-09T00:11:14,100,0,26,100
2023-07-09T00:23:45,100,0,26,100
2023-07-09T00:36:15,100,0,26,100
2023-07-09T00:48:44,100,0,26,100
2023-07-09T01:01:12,100,0,26,100
2023-07-09T01:13:49,100,0,26,100
2023-07-09T01:26:16,100,0,26,100
2023-07-09T01:38:45,100,0,26,100
2023-07-09T01:51:13,100,0,26,100
2023-07-09T02:03:41,100,0,26,100
2023-07-09T02:16:20,100,0,26,100
2023-07-09T02:28:48,100,0,26,100
2023-07-09T02:41:17,100,0,26,100
2023-07-09T02:53:44,100,0,26,100
2023-07-09T03:06:11,100,0,26,100
2023-07-09T03:18:40,100,0,26,100
2023-07-09T03:31:08,100,0,26,100
2023-07-09T03:43:36,100,0,26,100
2023-07-09T03:56:05,100,0,26,100
2023-07-09T04:08:33,100,0,26,100
2023-07-09T04:22:39,100,0,26,100
2023-07-09T04:35:09,100,0,26,100
2023-07-09T04:48:25,100,0,26,100
2023-07-09T05:01:52,100,0,26,100
2023-07-09T05:14:20,100,0,26,100
2023-07-09T05:26:50,100,0,26,100
2023-07-09T05:39:20,100,0,26,100
2023-07-09T05:51:48,100,0,26,100
2023-07-09T06:04:16,100,0,26,100
2023-07-09T06:16:43,100,0,26,100
2023-07-09T06:29:12,100,0,26,100
2023-07-09T06:41:39,100,0,26,100
2023-07-09T06:54:06,100,0,26,100
2023-07-09T07:06:33,100,0,26,100
2023-07-09T07:19:01,100,0,26,100
2023-07-09T07:31:27,100,0,26,100
2023-07-09T07:43:52,100,0,26,100
2023-07-09T07:56:18,100,0,26,100
2023-07-09T08:08:43,100,0,26,100
2023-07-09T08:21:08,100,0,26,100
2023-07-09T08:33:37,100,0,26,100
2023-07-09T08:46:03,100,0,26,100
2023-07-09T08:58:28,100,0,26,100
2023-07-09T09:10:53,100,0,26,100
2023-07-09T09:23:18,100,0,26,100
2023-07-09T09:35:45,100,0,26,100
2023-07-09T09:48:11,100,0,26,100
2023-07-09T10:00:37,100,0,26,100
2023-07-09T10:13:02,100,0,26,100
2023-07-09T10:25:37,100,0,26,100
2023-07-09T10:38:03,100,0,26,100
2023-07-09T10:50:29,100,0,26,100
2023-07-09T11:02:56,100,0,26,100
2023-07-09T11:15:23,100,0,26,100
2023-07-09T11:27:49,100,0,26,100
2023-07-09T11:40:14,100,0,26,100
2023-07-09T11:52:39,100,0,26,100
2023-07-09T12:05:04,100,0,26,100
2023-07-09T12:17:30,100,0,26,100
2023-07-09T12:29:55,100,0,26,100
2023-07-09T12:42:19,100,0,26,100
2023-07-09T12:54:46,100,0,26,100
2023-07-09T13:07:11,100,0,26,100
2023-07-09T13:19:35,100,0,26,100
2023-07-09T13:32:00,100,0,26,100
2023-07-09T13:44:25,100,0,26,100
2023-07-09T13:56:50,100,0,26,100
2023-07-09T14:09:14,100,0,26,100
2023-07-09T14:21:39,100,0,26,100
2023-07-09T14:34:14,100,0,26,100
2023-07-09T14:46:38,100,0,26,100
2023-07-09T14:59:03,100,0,26,100
2023-07-09T15:11:28,100,0,26,100
2023-07-09T15:23:52,100,0,26,100
2023-07-09T15:36:17,100,0,26,100
2023-07-09T15:48:41,100,0,26,100
2023-07-09T16:01:06,100,0,26,100
2023-07-09T16:13:31,100,0,26,100
2023-07-09T16:25:56,100,0,26,100
2023-07-09T16:38:21,100,0,26,100
2023-07-09T16:50:46,100,0,26,100
2023-07-09T17:03:11,100,0,26,100
2023-07-09T17:15:36,100,0,26,100
2023-07-09T17:28:13,100,0,26,100
2023-07-09T17:40:37,100,0,26,100
2023-07-09T17:53:01,100,0,26,100
2023-07-09T18:05:26,100,0,26,100
2023-07-09T18:17:50,100,0,26,100
2023-07-09T18:30:15,100,0,26,100
2023-07-09T18:42:40,100,0,26,100
2023-07-09T18:55:05,100,0,26,100
2023-07-09T19:07:32,100,0,26,100
2023-07-09T19:19:59,100,0,26,100
2023-07-09T19:32:25,100,0,26,100
2023-07-09T19:44:51,100,0,26,100
2023-07-09T19:57:18,100,0,26,100
2023-07-09T20:09:43,100,0,26,100
2023-07-09T20:22:08,100,0,26,100
2023-07-09T20:34:34,100,0,26,100
2023-07-09T20:46:59,100,0,26,100
2023-07-09T20:59:24,100,0,26,100
2023-07-09T21:12:01,100,0,26,100
2023-07-09T21:24:25,100,0,26,100
2023-07-09T21:36:52,100,0,26,100
2023-07-09T21:49:17,100,0,26,100
2023-07-09T22:01:42,100,0,26,100
2023-07-09T22:14:07,100,0,26,100
2023-07-09T22:26:31,100,0,26,100
2023-07-09T22:38:56,100,0,26,100
2023-07-09T22:51:21,100,0,26,100
2023-07-09T23:03:46,100,0,26,100
2023-07-09T23:16:12,100,0,26,100
2023-07-09T23:28:38,100,0,26,100
2023-07-09T23:41:14,100,0,26,100
2023-07-09T23:53:39,100,0,26,100
2023-07-10T00:06:05,100,0,26,100
2023-07-10T00:18:39,100,0,26,100
2023-07-10T00:31:13,100,0,26,100
2023-07-10T00:43:45,100,0,26,100
2023-07-10T00:56:14,100,0,26,100
2023-07-10T01:08:40,100,0,26,100
2023-07-10T01:21:07,100,0,26,100
2023-07-10T01:33:38,100,0,26,100
2023-07-10T01:46:08,100,0,26,100
2023-07-10T01:58:37,100,0,26,100
2023-07-10T02:11:15,100,0,26,100
2023-07-10T02:23:44,100,0,26,100
2023-07-10T02:36:13,100,0,26,100
2023-07-10T02:48:41,100,0,26,100
2023-07-10T03:01:08,100,0,26,100
2023-07-10T03:13:36,100,0,26,100
2023-07-10T03:26:05,100,0,26,100
2023-07-10T03:38:32,100,0,26,100
2023-07-10T03:50:59,100,0,26,100
2023-07-10T04:03:28,100,0,26,100
2023-07-10T04:18:05,100,0,26,100
2023-07-10T04:29:12,100,0,26,100
2023-07-10T04:41:43,100,0,26,100
2023-07-10T04:54:13,100,0,26,100
2023-07-10T05:06:42,100,0,26,100
2023-07-10T05:19:13,100,0,26,100
2023-07-10T05:31:42,100,0,26,100
2023-07-10T05:44:10,100,0,26,100
2023-07-10T05:56:38,100,0,26,100
2023-07-10T06:09:07,100,0,26,100
2023-07-10T06:21:35,100,0,26,100
2023-07-10T06:34:04,100,0,26,100
2023-07-10T06:46:31,100,0,26,100
2023-07-10T06:58:58,100,0,26,100
2023-07-10T07:11:26,100,0,26,100
2023-07-10T07:23:51,100,0,26,100
2023-07-10T07:36:16,100,0,26,100
2023-07-10T07:48:41,100,0,26,100
2023-07-10T08:01:06,100,0,26,100
2023-07-10T08:13:31,100,0,26,100
2023-07-10T08:25:56,100,0,26,100
2023-07-10T08:38:21,100,0,26,100
2023-07-10T08:50:46,100,0,26,100
2023-07-10T09:03:11,100,0,26,100
2023-07-10T09:15:36,100,0,26,100
2023-07-10T09:28:01,100,0,26,100
2023-07-10T09:40:27,100,0,26,100
2023-07-10T09:53:02,100,0,26,100
2023-07-10T10:05:27,100,0,26,100
2023-07-10T10:17:52,100,0,26,100
2023-07-10T10:30:17,100,0,26,100
2023-07-10T10:42:42,100,0,26,100
2023-07-10T10:55:06,100,0,26,100
2023-07-10T11:07:32,100,0,26,100
2023-07-10T11:19:56,100,0,26,100
2023-07-10T11:32:21,100,0,26,100
2023-07-10T11:44:49,100,0,26,100
2023-07-10T11:57:13,100,0,26,100
2023-07-10T12:09:38,100,0,26,100
2023-07-10T12:22:03,100,0,26,100
2023-07-10T12:34:37,100,0,26,100
2023-07-10T12:47:02,100,0,26,100
2023-07-10T12:59:26,100,0,26,100
2023-07-10T13:11:51,100,0,26,100
2023-07-10T13:24:16,100,0,26,100
2023-07-10T13:36:41,100,0,26,100
2023-07-10T13:49:05,100,0,26,100
2023-07-10T14:01:30,100,0,26,100
2023-07-10T14:13:55,100,0,26,100
2023-07-10T14:26:21,100,0,26,100
2023-07-10T14:38:46,100,0,26,100
2023-07-10T14:51:10,100,0,26,100
2023-07-10T15:03:46,100,0,26,100
2023-07-10T15:16:11,100,0,26,100
2023-07-10T15:28:36,100,0,26,100
2023-07-10T15:41:01,100,0,26,100
2023-07-10T15:53:25,100,0,26,100
2023-07-10T16:05:50,100,0,27,100
2023-07-10T16:18:14,100,0,27,100
2023-07-10T16:30:39,100,0,27,100
2023-07-10T16:43:04,100,0,27,100
2023-07-10T16:55:29,100,0,27,100
2023-07-10T17:07:54,100,0,27,100
2023-07-10T17:20:20,100,0,27,100
2023-07-10T17:32:55,100,0,27,100
2023-07-10T17:45:21,100,0,27,100
2023-07-10T17:57:46,100,0,27,100
2023-07-10T18:10:12,100,0,27,100
2023-07-10T18:22:36,100,0,27,100
2023-07-10T18:35:01,100,0,27,100
2023-07-10T18:47:25,100,0,27,100
2023-07-10T18:59:50,100,0,27,100
2023-07-10T19:12:16,100,0,27,100
2023-07-10T19:24:40,100,0,27,100
2023-07-10T19:37:05,100,0,27,100
2023-07-10T19:49:30,100,0,27,100
2023-07-10T20:01:55,100,0,27,100
2023-07-10T20:14:20,100,0,27,100
2023-07-10T20:26:55,100,0,27,100
2023-07-10T20:39:20,100,0,27,100
2023-07-10T20:51:44,100,0,27,100
2023-07-10T21:04:09,100,0,27,100
2023-07-10T21:16:34,100,0,27,100
2023-07-10T21:28:59,100,0,27,100
2023-07-10T21:41:23,100,0,27,100
2023-07-10T21:53:48,100,0,27,100
2023-07-10T22:06:13,100,0,27,100
2023-07-10T22:18:37,100,0,27,100
2023-07-10T22:31:03,100,0,27,100
2023-07-10T22:43:28,100,0,27,100
2023-07-10T22:55:52,100,0,27,100
2023-07-10T23:08:29,100,0,27,100
2023-07-10T23:20:55,100,0,27,100
2023-07-10T23:33:21,100,0,27,100
2023-07-10T23:45:47,100,0,27,100
2023-07-10T23:58:12,100,0,27,100
2023-07-11T00:10:39,100,0,27,100
2023-07-11T00:23:11,100,0,27,100
2023-07-11T00:35:40,100,0,27,100
2023-07-11T00:48:10,100,0,27,100
2023-07-11T01:00:39,100,0,27,100
2023-07-11T01:13:08,100,0,27,100
2023-07-11T01:25:36,100,0,27,100
2023-07-11T01:38:05,100,0,27,100
2023-07-11T01:50:35,100,0,27,100
2023-07-11T02:03:02,100,0,27,100
2023-07-11T02:15:30,100,0,27,100
2023-07-11T02:27:56,100,0,27,100
2023-07-11T02:40:34,100,0,27,100
2023-07-11T02:52:59,100,0,27,100
2023-07-11T03:05:25,100,0,27,100
2023-07-11T03:17:52,100,0,27,100
2023-07-11T03:30:19,100,0,27,100
2023-07-11T03:42:46,100,0,27,100
2023-07-11T03:55:13,100,0,27,100
2023-07-11T04:07:41,100,0,27,100
2023-07-11T04:26:04,100,0,27,100
2023-07-11T04:38:59,100,0,27,100
2023-07-11T04:51:30,100,0,27,100
2023-07-11T05:04:01,100,0,27,100
2023-07-11T05:18:48,100,0,27,100
2023-07-11T05:31:18,100,0,27,100
2023-07-11T05:43:47,100,0,27,100
2023-07-11T05:56:15,100,0,27,100
2023-07-11T06:08:44,100,0,27,100
2023-07-11T06:21:11,100,0,27,100
2023-07-11T06:33:39,100,0,27,100
2023-07-11T06:46:07,100,0,27,100
2023-07-11T06:58:34,100,0,27,100
2023-07-11T07:11:02,100,0,27,100
2023-07-11T07:23:29,100,0,27,100
2023-07-11T07:35:56,100,0,27,100
2023-07-11T07:48:22,100,0,27,100
2023-07-11T08:00:50,100,0,27,100
2023-07-11T08:13:18,100,0,27,100
2023-07-11T08:25:44,100,0,27,100
2023-07-11T08:38:13,100,0,27,100
2023-07-11T08:50:40,100,0,27,100
2023-07-11T09:03:06,100,0,27,100
2023-07-11T09:15:33,100,0,27,100
2023-07-11T09:28:15,100,0,27,100
2023-07-11T09:40:42,100,0,27,100
2023-07-11T09:53:08,100,0,27,100
2023-07-11T10:05:36,100,0,27,100
2023-07-11T10:18:03,100,0,27,100
2023-07-11T10:30:29,100,0,27,100
2023-07-11T10:42:54,100,0,27,100
2023-07-11T10:55:20,100,0,27,100
2023-07-11T11:07:45,100,0,27,100
2023-07-11T11:20:10,100,0,27,100
2023-07-11T11:32:36,100,0,27,100
2023-07-11T11:45:01,100,0,27,100
2023-07-11T11:57:38,100,0,27,100
2023-07-11T12:10:03,100,0,27,100
2023-07-11T12:22:28,100,0,27,100
2023-07-11T12:34:53,100,0,27,100
2023-07-11T12:47:17,100,0,27,100
2023-07-11T12:59:42,100,0,27,100
2023-07-11T13:12:06,100,0,27,100
2023-07-11T13:24:31,100,0,27,100
2023-07-11T13:37:08,100,0,27,100
2023-07-11T13:49:33,100,0,27,100
2023-07-11T14:01:58,100,0,27,100
2023-07-11T14:14:23,100,0,27,100
2023-07-11T14:26:48,100,0,27,100
2023-07-11T14:39:12,100,0,27,100
2023-07-11T14:51:37,100,0,27,100
2023-07-11T15:04:20,100,0,27,100
2023-07-11T15:16:44,100,0,27,100
2023-07-11T15:29:09,100,0,27,100
2023-07-11T15:41:34,100,0,27,100
2023-07-11T15:53:59,100,0,27,100
2023-07-11T16:06:23,100,0,27,100
2023-07-11T16:18:48,100,0,27,100
2023-07-11T16:31:13,100,0,27,100
2023-07-11T16:43:38,100,0,27,100
2023-07-11T16:56:04,100,0,27,100
2023-07-11T17:08:30,100,0,27,100
2023-07-11T17:20:56,100,0,27,100
2023-07-11T17:33:20,100,0,27,100
2023-07-11T17:45:55,100,0,27,100
2023-07-11T17:58:20,100,0,27,100
2023-07-11T18:10:45,100,0,27,100
2023-07-11T18:23:10,100,0,27,100
2023-07-11T18:35:34,100,0,27,100
2023-07-11T18:47:59,100,0,27,100
2023-07-11T19:00:23,100,0,27,100
2023-07-11T19:12:49,100,0,27,100
2023-07-11T19:25:13,100,0,27,100
2023-07-11T19:37:38,100,0,27,100
2023-07-11T19:50:03,100,0,27,100
2023-07-11T20:02:28,100,0,27,100
2023-07-11T20:14:53,100,0,27,100
2023-07-11T20:27:17,100,0,27,100
2023-07-11T20:39:42,100,0,27,100
2023-07-11T20:52:07,100,0,27,100
2023-07-11T21:04:42,100,0,27,100
2023-07-11T21:17:07,100,0,27,100
2023-07-11T21:29:32,100,0,27,100
2023-07-11T21:41:57,100,0,27,100
2023-07-11T21:54:22,100,0,27,100
2023-07-11T22:06:48,100,0,27,100
2023-07-11T22:19:13,100,0,27,100
2023-07-11T22:31:39,100,0,27,100
2023-07-11T22:44:04,100,0,27,100
2023-07-11T22:56:29,100,0,27,100
2023-07-11T23:08:55,100,0,27,100
2023-07-11T23:21:21,100,0,27,100
2023-07-11T23:33:47,100,0,27,100
2023-07-11T23:46:13,100,0,27,100
2023-07-11T23:58:38,100,0,27,100
2023-07-12T00:11:05,100,0,27,100
2023-07-12T00:23:36,100,0,27,100
2023-07-12T00:36:04,100,0,27,100
2023-07-12T00:48:42,100,0,27,100
2023-07-12T01:01:12,100,0,27,100
2023-07-12T01:13:41,100,0,27,100
2023-07-12T01:26:10,100,0,27,100
2023-07-12T01:38:39,100,0,27,100
2023-07-12T01:51:10,100,0,27,100
2023-07-12T02:03:38,100,0,27,100
2023-07-12T02:16:30,100,0,27,100
2023-07-12T02:29:00,100,0,27,100
2023-07-12T02:41:30,100,0,27,100
2023-07-12T02:53:59,100,0,27,100
2023-07-12T03:06:27,100,0,27,100
2023-07-12T03:18:56,100,0,27,100
2023-07-12T03:31:24,100,0,27,100
2023-07-12T03:43:52,100,0,27,100
2023-07-12T03:56:20,100,0,27,100
2023-07-12T04:08:48,100,0,27,100
2023-07-12T04:29:59,100,0,27,100
2023-07-12T04:43:44,100,0,27,100
2023-07-12T04:56:30,100,0,27,100
2023-07-12T05:08:59,100,0,27,100
2023-07-12T05:21:27,100,0,27,100
2023-07-12T05:33:55,100,0,27,100
2023-07-12T05:46:23,100,0,27,100
2023-07-12T05:58:55,100,0,27,100
2023-07-12T06:11:22,100,0,27,100
2023-07-12T06:23:51,100,0,27,100
2023-07-12T06:36:18,100,0,27,100
2023-07-12T06:48:47,100,0,27,100
2023-07-12T07:01:15,100,0,27,100
2023-07-12T07:13:45,100,0,27,100
2023-07-12T07:26:11,100,0,27,100
2023-07-12T07:38:38,100,0,27,100
2023-07-12T07:51:03,100,0,27,100
2023-07-12T08:03:28,100,0,27,100
2023-07-12T08:15:52,100,0,27,100
2023-07-12T08:28:18,100,0,27,100
2023-07-12T08:40:43,100,0,27,100
2023-07-12T08:53:08,100,0,27,100
2023-07-12T09:05:32,100,0,27,100
2023-07-12T09:18:07,100,0,27,100
2023-07-12T09:30:31,100,0,27,100
2023-07-12T09:42:56,100,0,27,100
2023-07-12T09:55:21,100,0,27,100
2023-07-12T10:07:45,100,0,27,100
2023-07-12T10:20:10,100,0,27,100
2023-07-12T10:32:35,100,0,27,100
2023-07-12T10:45:00,100,0,27,100
2023-07-12T10:57:25,100,0,27,100
2023-07-12T11:09:49,100,0,27,100
2023-07-12T11:22:14,100,0,27,100
2023-07-12T11:34:50,100,0,27,100
2023-07-12T11:47:15,100,0,27,100
2023-07-12T11:59:40,100,0,27,100
2023-07-12T12:12:04,100,0,27,100
2023-07-12T12:24:30,100,0,27,100
2023-07-12T12:36:55,100,0,27,100
2023-07-12T12:49:20,100,0,27,100
2023-07-12T13:01:45,100,0,27,100
2023-07-12T13:14:10,100,0,27,100
2023-07-12T13:26:34,100,0,27,100
2023-07-12T13:38:59,100,0,27,100
2023-07-12T13:51:43,100,0,27,100
2023-07-12T14:04:08,100,0,27,100
2023-07-12T14:16:33,100,0,27,100
2023-07-12T14:28:58,100,0,27,100
2023-07-12T14:41:23,100,0,27,100
2023-07-12T14:53:48,100,0,27,100
2023-07-12T15:06:12,100,0,27,100
2023-07-12T15:18:37,100,0,27,100
2023-07-12T15:31:02,100,0,27,100
2023-07-12T15:43:28,100,0,27,100
2023-07-12T15:55:53,100,0,27,100
2023-07-12T16:08:18,100,0,27,100
2023-07-12T16:20:54,100,0,27,100
2023-07-12T16:33:18,100,0,27,100
2023-07-12T16:45:43,100,0,27,100
2023-07-12T16:58:07,100,0,27,100
2023-07-12T17:10:33,100,0,27,100
2023-07-12T17:22:58,100,0,27,100
2023-07-12T17:35:22,100,0,27,100
2023-07-12T17:47:47,100,0,27,100
2023-07-12T18:00:11,100,0,27,100
2023-07-12T18:12:36,100,0,27,100
2023-07-12T18:25:00,100,0,27,100
2023-07-12T18:37:24,100,0,27,100
2023-07-12T18:49:48,100,0,27,100
2023-07-12T19:02:13,100,0,27,100
2023-07-12T19:14:37,100,0,27,100
2023-07-12T19:27:01,100,0,27,100
2023-07-12T19:39:39,100,0,27,100
2023-07-12T19:52:04,100,0,27,100
2023-07-12T20:04:28,100,0,27,100
2023-07-12T20:16:53,100,0,27,100
2023-07-12T20:29:17,100,0,27,100
2023-07-12T20:41:41,100,0,27,100
2023-07-12T20:54:06,100,0,27,100
2023-07-12T21:06:30,100,0,27,100
2023-07-12T21:18:55,100,0,27,100
2023-07-12T21:31:20,100,0,27,100
2023-07-12T21:43:44,100,0,27,100
2023-07-12T21:56:09,100,0,27,100
2023-07-12T22:08:33,100,0,27,100
2023-07-12T22:20:58,100,0,27,100
2023-07-12T22:33:23,100,0,27,100
2023-07-12T22:45:48,100,0,27,100
2023-07-12T22:58:12,100,0,27,100
2023-07-12T23:10:38,100,0,27,100
2023-07-12T23:23:23,100,0,27,100
2023-07-12T23:35:47,100,0,27,100
2023-07-12T23:48:12,100,0,27,100
2023-07-13T00:00:37,100,0,27,100
2023-07-13T00:13:07,100,0,27,100
2023-07-13T00:25:35,100,0,27,100
2023-07-13T00:38:04,100,0,27,100
2023-07-13T00:50:33,100,0,27,100
2023-07-13T01:03:02,100,0,27,100
2023-07-13T01:15:30,100,0,27,100
2023-07-13T01:27:57,100,0,27,100
2023-07-13T01:40:26,100,0,27,100
2023-07-13T01:52:55,100,0,27,100
2023-07-13T02:05:22,100,0,27,100
2023-07-13T02:17:49,100,0,27,100
2023-07-13T02:30:14,100,0,27,100
2023-07-13T02:42:40,100,0,27,100
2023-07-13T02:55:05,100,0,27,100
2023-07-13T03:07:30,100,0,27,100
2023-07-13T03:19:55,100,0,27,100
2023-07-13T03:32:19,100,0,27,100
2023-07-13T03:44:44,100,0,27,100
2023-07-13T03:57:08,100,0,27,100
2023-07-13T04:09:32,100,0,27,100
2023-07-13T04:29:08,100,0,27,100
2023-07-13T04:41:51,100,0,27,100
2023-07-13T04:54:18,100,0,27,100
2023-07-13T05:06:44,100,0,27,100
2023-07-13T05:19:09,100,0,27,100
2023-07-13T05:31:33,100,0,27,100
2023-07-13T05:44:01,100,0,27,100
2023-07-13T05:56:30,100,0,27,100
2023-07-13T06:09:02,100,0,27,100
2023-07-13T06:21:32,100,0,27,100
2023-07-13T06:34:03,100,0,27,100
2023-07-13T06:46:34,100,0,27,100
2023-07-13T06:59:03,100,0,27,100
2023-07-13T07:11:34,100,0,27,100
2023-07-13T07:24:02,100,0,27,100
2023-07-13T07:36:30,100,0,27,100
2023-07-13T07:48:58,100,0,27,100
2023-07-13T08:01:26,100,0,27,100
2023-07-13T08:13:54,100,0,27,100
2023-07-13T08:26:22,100,0,27,100
2023-07-13T08:38:49,100,0,27,100
2023-07-13T08:51:17,100,0,27,100
2023-07-13T09:03:43,100,0,27,100
2023-07-13T09:16:09,100,0,27,100
2023-07-13T09:28:54,100,0,27,100
2023-07-13T09:41:20,100,0,27,100
2023-07-13T09:53:47,100,0,27,100
2023-07-13T10:06:13,100,0,27,100
2023-07-13T10:18:38,100,0,27,100
2023-07-13T10:31:04,100,0,27,100
2023-07-13T10:43:30,100,0,27,100
2023-07-13T10:55:57,100,0,27,100
2023-07-13T11:08:22,100,0,27,100
2023-07-13T11:20:59,100,0,27,100
2023-07-13T11:33:25,100,0,27,100
2023-07-13T11:45:51,100,0,27,100
2023-07-13T11:58:18,100,0,27,100
2023-07-13T12:10:43,100,0,27,100
2023-07-13T12:23:07,100,0,27,100
2023-07-13T12:35:32,100,0,27,100
2023-07-13T12:47:56,100,0,27,100
2023-07-13T13:00:21,100,0,27,100
2023-07-13T13:12:46,100,0,27,100
2023-07-13T13:25:10,100,0,27,100
2023-07-13T13:37:45,100,0,27,100
2023-07-13T13:50:10,100,0,27,100
2023-07-13T14:02:34,100,0,27,100
2023-07-13T14:14:59,100,0,27,100
2023-07-13T14:27:23,100,0,27,100
2023-07-13T14:39:48,100,0,27,100
2023-07-13T14:52:12,100,0,27,100
2023-07-13T15:04:37,100,0,27,100
2023-07-13T15:17:01,100,0,27,100
2023-07-13T15:29:25,100,0,27,100
2023-07-13T15:41:49,100,0,27,100
2023-07-13T15:54:13,100,0,27,100
2023-07-13T16:06:49,100,0,27,100
2023-07-13T16:19:13,100,0,27,100
2023-07-13T16:31:37,100,0,27,100
2023-07-13T16:44:02,100,0,27,100
2023-07-13T16:56:26,100,0,27,100
2023-07-13T17:08:51,100,0,27,100
2023-07-13T17:21:17,100,0,27,100
2023-07-13T17:33:41,100,0,27,100
2023-07-13T17:46:05,100,0,27,100
2023-07-13T17:58:29,100,0,27,100
2023-07-13T18:10:54,100,0,27,100
2023-07-13T18:23:18,100,0,27,100
2023-07-13T18:35:42,100,0,27,100
2023-07-13T18:48:07,100,0,27,100
2023-07-13T19:00:50,100,0,27,100
2023-07-13T19:13:14,100,0,27,100
2023-07-13T19:25:38,100,0,27,100
2023-07-13T19:38:03,100,0,27,100
2023-07-13T19:50:27,100,0,27,100
2023-07-13T20:02:52,100,0,27,100
2023-07-13T20:15:16,100,0,27,100
2023-07-13T20:27:41,100,0,27,100
2023-07-13T20:40:05,100,0,27,100
2023-07-13T20:52:30,100,0,27,100
2023-07-13T21:04:55,100,0,27,100
2023-07-13T21:17:19,100,0,27,100
2023-07-13T21:29:44,100,0,27,100
2023-07-13T21:42:08,100,0,27,100
2023-07-13T21:54:32,100,0,27,100
2023-07-13T22:06:57,100,0,27,100
2023-07-13T22:19:21,100,0,27,100
2023-07-13T22:31:45,100,0,27,100
2023-07-13T22:44:10,100,0,27,100
2023-07-13T22:56:44,100,0,27,100
2023-07-13T23:09:10,100,0,27,100
2023-07-13T23:21:35,100,0,27,100
2023-07-13T23:34:00,100,0,27,100
2023-07-13T23:46:25,100,0,27,100
2023-07-13T23:58:50,100,0,27,100
2023-07-14T00:11:17,100,0,27,100
2023-07-14T00:23:47,100,0,27,100
2023-07-14T00:36:15,100,0,27,100
2023-07-14T00:48:44,100,0,27,100
2023-07-14T01:01:13,100,0,27,100
2023-07-14T01:13:41,100,0,27,100
2023-07-14T01:26:10,100,0,27,100
2023-07-14T01:38:39,100,0,27,100
2023-07-14T01:51:10,100,0,27,100
2023-07-14T02:03:40,100,0,27,100
2023-07-14T02:16:20,100,0,27,100
2023-07-14T02:28:50,100,0,27,100
2023-07-14T02:41:21,100,0,27,100
2023-07-14T02:53:51,100,0,27,100
2023-07-14T03:06:19,100,0,27,100
2023-07-14T03:18:47,100,0,27,100
2023-07-14T03:31:15,100,0,27,100
2023-07-14T03:43:42,100,0,27,100
2023-07-14T03:56:10,100,0,27,100
2023-07-14T04:08:37,100,0,27,100
2023-07-14T04:23:29,100,0,27,100
2023-07-14T04:36:01,100,0,27,100
2023-07-14T04:49:59,100,0,27,100
2023-07-14T05:02:29,100,0,27,100
2023-07-14T05:14:56,100,0,27,100
2023-07-14T05:27:24,100,0,27,100
2023-07-14T05:39:52,100,0,27,100
2023-07-14T05:52:20,100,0,27,100
2023-07-14T06:04:48,100,0,27,100
2023-07-14T06:17:16,100,0,27,100
2023-07-14T06:29:43,100,0,27,100
2023-07-14T06:42:11,100,0,27,100
2023-07-14T06:54:41,100,0,27,100
2023-07-14T07:07:09,100,0,27,100
2023-07-14T07:19:36,100,0,27,100
2023-07-14T07:32:02,100,0,27,100
2023-07-14T07:44:27,100,0,27,100
2023-07-14T07:56:51,100,0,27,100
2023-07-14T08:09:17,100,0,27,100
2023-07-14T08:21:42,100,0,27,100
2023-07-14T08:34:08,100,0,27,100
2023-07-14T08:46:33,100,0,27,100
2023-07-14T08:58:58,100,0,27,100
2023-07-14T09:11:23,100,0,27,100
2023-07-14T09:23:47,100,0,27,100
2023-07-14T09:36:12,100,0,27,100
2023-07-14T09:48:37,100,0,27,100
2023-07-14T10:01:13,100,0,27,100
2023-07-14T10:13:37,100,0,27,100
2023-07-14T10:26:02,100,0,27,100
2023-07-14T10:38:27,100,0,27,100
2023-07-14T10:50:51,100,0,27,100
2023-07-14T11:03:16,100,0,27,100
2023-07-14T11:15:42,100,0,27,100
2023-07-14T11:28:08,100,0,27,100
2023-07-14T11:40:33,100,0,27,100
2023-07-14T11:52:58,100,0,27,100
2023-07-14T12:05:24,100,0,27,100
2023-07-14T12:17:49,100,0,27,100
2023-07-14T12:30:15,100,0,27,100
2023-07-14T12:42:41,100,0,27,100
2023-07-14T12:55:06,100,0,27,100
2023-07-14T13:07:31,100,0,27,100
2023-07-14T13:19:56,100,0,27,100
2023-07-14T13:32:22,100,0,27,100
2023-07-14T13:44:59,100,0,27,100
2023-07-14T13:57:24,100,0,27,100
2023-07-14T14:09:49,100,0,27,100
2023-07-14T14:22:15,100,0,27,100
2023-07-14T14:34:40,100,0,27,100
2023-07-14T14:47:06,100,0,27,100
2023-07-14T14:59:31,100,0,27,100
2023-07-14T15:12:07,100,0,27,100
2023-07-14T15:24:32,100,0,27,100
2023-07-14T15:36:57,100,0,27,100
2023-07-14T15:49:22,100,0,27,100
2023-07-14T16:01:47,100,0,27,100
2023-07-14T16:14:13,100,0,27,100
2023-07-14T16:26:38,100,0,27,100
2023-07-14T16:39:04,100,0,27,100
2023-07-14T16:51:40,100,0,27,100
2023-07-14T17:04:05,100,0,27,100
2023-07-14T17:16:32,100,0,27,100
2023-07-14T17:28:57,100,0,27,100
2023-07-14T17:41:22,100,0,27,100
2023-07-14T17:53:47,100,0,27,100
2023-07-14T18:06:12,100,0,27,100
2023-07-14T18:18:36,100,0,27,100
2023-07-14T18:31:01,100,0,27,100
2023-07-14T18:43:27,100,0,27,100
2023-07-14T18:55:52,100,0,27,100
2023-07-14T19:08:17,100,0,27,100
2023-07-14T19:20:42,100,0,27,100
2023-07-14T19:33:08,100,0,27,100
2023-07-14T19:45:33,100,0,27,100
2023-07-14T19:57:58,100,0,27,100
2023-07-14T20:10:24,100,0,27,100
2023-07-14T20:22:49,100,0,27,100
2023-07-14T20:35:25,100,0,27,100
2023-07-14T20:47:50,100,0,27,100
2023-07-14T21:00:15,100,0,27,100
2023-07-14T21:12:41,100,0,27,100
2023-07-14T21:25:06,100,0,27,100
2023-07-14T21:37:31,100,0,27,100
2023-07-14T21:49:57,100,0,27,100
2023-07-14T22:02:22,100,0,27,100
2023-07-14T22:14:47,100,0,27,100
2023-07-14T22:27:12,100,0,27,100
2023-07-14T22:39:37,100,0,27,100
2023-07-14T22:52:04,100,0,27,100
2023-07-14T23:04:30,100,0,27,100
2023-07-14T23:16:56,100,0,27,100
2023-07-14T23:29:22,100,0,27,100
2023-07-14T23:41:48,100,0,27,100
2023-07-14T23:54:13,100,0,27,100
2023-07-15T00:06:40,100,0,27,100
2023-07-15T00:19:09,100,0,27,100
2023-07-15T00:31:50,100,0,27,100
2023-07-15T00:44:19,100,0,27,100
2023-07-15T00:56:49,100,0,27,100
2023-07-15T01:09:18,100,0,27,100
2023-07-15T01:21:47,100,0,27,100
2023-07-15T01:34:16,100,0,27,100
2023-07-15T01:46:49,100,0,27,100
2023-07-15T01:59:18,100,0,27,100
2023-07-15T02:11:45,100,0,27,100
2023-07-15T02:24:12,100,0,27,100
2023-07-15T02:36:40,100,0,27,100
2023-07-15T02:49:06,100,0,27,100
2023-07-15T03:01:32,100,0,27,100
2023-07-15T03:13:59,100,0,27,100
2023-07-15T03:26:27,100,0,27,100
2023-07-15T03:38:54,100,0,27,100
2023-07-15T03:51:21,100,0,27,100
2023-07-15T04:03:49,100,0,27,100
2023-07-15T04:28:38,100,0,27,100
2023-07-15T04:41:32,100,0,27,100
2023-07-15T04:54:03,100,0,27,100
2023-07-15T05:06:32,100,0,27,100
2023-07-15T05:18:59,100,0,27,100
2023-07-15T05:31:36,100,0,27,100
2023-07-15T05:44:06,100,0,27,100
2023-07-15T05:56:36,100,0,27,100
2023-07-15T06:09:07,100,0,27,100
2023-07-15T06:21:35,100,0,27,100
2023-07-15T06:34:04,100,0,27,100
2023-07-15T06:46:34,100,0,27,100
2023-07-15T06:59:04,100,0,27,100
2023-07-15T07:11:34,100,0,27,100
2023-07-15T07:24:02,100,0,27,100
2023-07-15T07:36:30,100,0,27,100
2023-07-15T07:48:57,100,0,27,100
2023-07-15T08:01:35,100,0,27,100
2023-07-15T08:14:03,100,0,27,100
2023-07-15T08:26:33,100,0,27,100
2023-07-15T08:39:01,100,0,27,100
2023-07-15T08:51:29,100,0,27,100
2023-07-15T09:03:57,100,0,27,100
2023-07-15T09:16:25,100,0,27,100
2023-07-15T09:28:53,100,0,27,100
2023-07-15T09:41:21,100,0,27,100
2023-07-15T09:53:48,100,0,27,100
2023-07-15T10:06:17,100,0,27,100
2023-07-15T10:18:46,100,0,27,100
2023-07-15T10:31:14,100,0,27,100
2023-07-15T10:43:42,100,0,27,100
2023-07-15T10:56:10,100,0,27,100
2023-07-15T11:08:45,100,0,27,100
2023-07-15T11:21:10,100,0,27,100
2023-07-15T11:33:36,100,0,27,100
2023-07-15T11:46:01,100,0,27,100
2023-07-15T11:58:26,100,0,27,100
2023-07-15T12:10:51,100,0,27,100
2023-07-15T12:23:17,100,0,27,100
2023-07-15T12:35:43,100,0,27,100
2023-07-15T12:48:08,100,0,27,100
2023-07-15T13:00:33,100,0,27,100
2023-07-15T13:12:58,100,0,27,100
2023-07-15T13:25:24,100,0,27,100
2023-07-15T13:37:49,100,0,27,100
2023-07-15T13:50:14,100,0,27,100
2023-07-15T14:02:39,100,0,27,100
2023-07-15T14:15:04,100,0,27,100
2023-07-15T14:27:28,100,0,27,100
2023-07-15T14:40:04,100,0,27,100
2023-07-15T14:52:29,100,0,27,100
2023-07-15T15:04:54,100,0,27,100
2023-07-15T15:17:19,100,0,27,100
2023-07-15T15:29:44,100,0,27,100
2023-07-15T15:42:09,100,0,27,100
2023-07-15T15:54:34,100,0,27,100
2023-07-15T16:06:59,100,0,27,100
2023-07-15T16:19:24,100,0,27,100
2023-07-15T16:31:49,100,0,27,100
2023-07-15T16:44:13,100,0,27,100
2023-07-15T16:56:38,100,0,27,100
2023-07-15T17:09:04,100,0,27,100
2023-07-15T17:21:29,100,0,27,100
2023-07-15T17:33:55,100,0,27,100
2023-07-15T17:46:19,100,0,27,100
2023-07-15T17:58:45,100,0,27,100
2023-07-15T18:11:10,100,0,27,100
2023-07-15T18:23:35,100,0,27,100
2023-07-15T18:36:00,100,0,27,100
2023-07-15T18:48:25,100,0,27,100
2023-07-15T19:01:00,100,0,27,100
2023-07-15T19:13:25,100,0,27,100
2023-07-15T19:25:50,100,0,27,100
2023-07-15T19:38:15,100,0,27,100
2023-07-15T19:50:40,100,0,27,100
2023-07-15T20:03:05,100,0,27,100
2023-07-15T20:15:30,100,0,27,100
2023-07-15T20:27:56,100,0,27,100
2023-07-15T20:40:20,100,0,27,100
2023-07-15T20:52:46,100,0,27,100
2023-07-15T21:05:11,100,0,27,100
2023-07-15T21:17:47,100,0,27,100
2023-07-15T21:30:12,100,0,27,100
2023-07-15T21:42:37,100,0,27,100
2023-07-15T21:55:02,100,0,27,100
2023-07-15T22:07:27,100,0,27,100
2023-07-15T22:19:53,100,0,27,100
2023-07-15T22:32:18,100,0,27,100
2023-07-15T22:44:43,100,0,27,100
2023-07-15T22:57:08,100,0,27,100
2023-07-15T23:09:34,100,0,27,100
2023-07-15T23:22:00,100,0,27,100
2023-07-15T23:34:25,100,0,27,100
2023-07-15T23:46:50,100,0,27,100
2023-07-15T23:59:15,100,0,27,100
2023-07-16T00:11:41,100,0,27,100
2023-07-16T00:24:07,100,0,27,100
2023-07-16T00:36:33,100,0,27,100
2023-07-16T00:48:59,100,0,27,100
2023-07-16T01:12:04,100,0,27,100
2023-07-16T01:24:34,100,0,27,100
2023-07-16T01:37:14,100,0,27,100
2023-07-16T01:49:46,100,0,27,100
2023-07-16T02:02:16,100,0,27,100
2023-07-16T02:14:47,100,0,27,100
2023-07-16T02:27:16,100,0,27,100
2023-07-16T02:39:45,100,0,27,100
2023-07-16T02:52:23,100,0,27,100
2023-07-16T03:04:51,100,0,27,100
2023-07-16T03:17:20,100,0,27,100
2023-07-16T03:29:49,100,0,27,100
2023-07-16T03:42:17,100,0,27,100
2023-07-16T03:54:45,100,0,27,100
2023-07-16T04:07:44,100,0,27,100
2023-07-16T04:19:28,100,0,27,100
2023-07-16T04:32:23,100,0,27,100
2023-07-16T04:44:54,100,0,27,100
2023-07-16T04:57:26,100,0,27,100
2023-07-16T05:09:55,100,0,27,100
2023-07-16T05:22:24,100,0,27,100
2023-07-16T05:34:54,100,0,27,100
2023-07-16T05:47:23,100,0,27,100
2023-07-16T05:59:52,100,0,27,100
2023-07-16T06:12:21,100,0,27,100
2023-07-16T06:24:49,100,0,27,100
2023-07-16T06:37:18,100,0,27,100
2023-07-16T06:49:47,100,0,27,100
2023-07-16T07:02:15,100,0,27,100
2023-07-16T07:14:42,100,0,27,100
2023-07-16T07:27:15,100,0,27,100
2023-07-16T07:39:42,100,0,27,100
2023-07-16T07:52:12,100,0,27,100
2023-07-16T08:04:45,100,0,27,100
2023-07-16T08:17:10,100,0,27,100
2023-07-16T08:29:36,100,0,27,100
2023-07-16T08:42:02,100,0,27,100
2023-07-16T08:54:27,100,0,27,100
2023-07-16T09:06:52,100,0,27,100
2023-07-16T09:19:18,100,0,27,100
2023-07-16T09:31:45,100,0,27,100
2023-07-16T09:44:10,100,0,27,100
2023-07-16T09:56:36,100,0,27,100
2023-07-16T10:09:01,100,0,27,100
2023-07-16T10:21:27,100,0,27,100
2023-07-16T10:34:02,100,0,27,100
2023-07-16T10:46:28,100,0,27,100
2023-07-16T10:58:54,100,0,27,100
2023-07-16T11:11:20,100,0,27,100
2023-07-16T11:23:46,100,0,27,100
2023-07-16T11:36:12,100,0,27,100
2023-07-16T11:48:38,100,0,27,100
2023-07-16T12:01:03,100,0,27,100
2023-07-16T12:13:29,100,0,27,100
2023-07-16T12:25:55,100,0,27,100
2023-07-16T12:38:20,100,0,27,100
2023-07-16T12:50:46,100,0,27,100
2023-07-16T13:03:11,100,0,27,100
2023-07-16T13:15:36,100,0,27,100
2023-07-16T13:28:01,100,0,27,100
2023-07-16T13:40:26,100,0,27,100
2023-07-16T13:53:02,100,0,27,100
2023-07-16T14:05:27,100,0,27,100
2023-07-16T14:17:51,100,0,27,100
2023-07-16T14:30:17,100,0,27,100
2023-07-16T14:42:42,100,0,27,100
2023-07-16T14:55:07,100,0,27,100
2023-07-16T15:07:33,100,0,27,100
2023-07-16T15:19:58,100,0,27,100
2023-07-16T15:32:23,100,0,27,100
2023-07-16T15:44:48,100,0,27,100
2023-07-16T15:57:13,100,0,27,100
2023-07-16T16:09:38,100,0,27,100
2023-07-16T16:22:05,100,0,27,100
2023-07-16T16:34:30,100,0,27,100
2023-07-16T16:46:56,100,0,27,100
2023-07-16T16:59:21,100,0,27,100
2023-07-16T17:11:48,100,0,27,100
2023-07-16T17:24:13,100,0,27,100
2023-07-16T17:36:39,100,0,27,100
2023-07-16T17:49:04,100,0,27,100
2023-07-16T18:01:29,100,0,27,100
2023-07-16T18:14:04,100,0,27,100
2023-07-16T18:26:30,100,0,27,100
2023-07-16T18:38:55,100,0,27,100
2023-07-16T18:51:21,100,0,27,100
2023-07-16T19:03:48,100,0,27,100
2023-07-16T19:16:15,100,0,27,100
2023-07-16T19:28:45,100,0,27,100
2023-07-16T19:41:11,100,0,27,100
2023-07-16T19:53:37,100,0,27,100
2023-07-16T20:06:03,100,0,27,100
2023-07-16T20:18:29,100,0,27,100
2023-07-16T20:30:55,100,0,27,100
2023-07-16T20:43:20,100,0,27,100
2023-07-16T20:55:46,100,0,27,100
2023-07-16T21:08:12,100,0,27,100
2023-07-16T21:20:37,100,0,27,100
2023-07-16T21:33:03,100,0,27,100
2023-07-16T21:45:29,100,0,27,100
2023-07-16T21:57:55,100,0,27,100
2023-07-16T22:10:21,100,0,27,100
2023-07-16T22:22:47,100,0,27,100
2023-07-16T22:35:13,100,0,27,100
2023-07-16T22:47:40,100,0,27,100
2023-07-16T23:00:17,100,0,27,100
2023-07-16T23:12:44,100,0,27,100
2023-07-16T23:25:09,100,0,27,100
2023-07-16T23:37:35,100,0,27,100
2023-07-16T23:50:03,100,0,27,100
2023-07-17T00:02:29,100,0,27,100
2023-07-17T00:14:57,100,0,27,100
2023-07-17T00:27:27,100,0,27,100
2023-07-17T00:40:01,100,0,27,100
2023-07-17T00:52:32,100,0,27,100
2023-07-17T01:05:02,100,0,27,100
2023-07-17T01:17:29,100,0,27,100
2023-07-17T01:29:55,100,0,27,100
2023-07-17T01:42:38,100,0,27,100
2023-07-17T01:55:10,100,0,27,100
2023-07-17T02:07:40,100,0,27,100
2023-07-17T02:20:10,100,0,27,100
2023-07-17T02:32:40,100,0,27,100
2023-07-17T02:45:19,100,0,27,100
2023-07-17T02:57:47,100,0,27,100
2023-07-17T03:10:17,100,0,27,100
2023-07-17T03:22:47,100,0,27,100
2023-07-17T03:35:16,100,0,27,100
2023-07-17T03:47:44,100,0,27,100
2023-07-17T04:00:13,100,0,27,100
2023-07-17T04:22:09,100,0,27,100
2023-07-17T04:35:52,100,0,27,100
2023-07-17T04:48:40,100,0,27,100
2023-07-17T05:01:12,100,0,27,100
2023-07-17T05:13:44,100,0,27,100
2023-07-17T05:26:13,100,0,27,100
2023-07-17T05:38:44,100,0,27,100
2023-07-17T05:51:13,100,0,27,100
2023-07-17T06:03:42,100,0,27,100
2023-07-17T06:16:12,100,0,27,100
2023-07-17T06:28:41,100,0,27,100
2023-07-17T06:41:10,100,0,27,100
2023-07-17T06:53:37,100,0,27,100
2023-07-17T07:06:07,100,0,27,100
2023-07-17T07:18:35,100,0,27,100
2023-07-17T07:31:06,100,0,27,100
2023-07-17T07:43:31,100,0,27,100
2023-07-17T07:55:58,100,0,27,100
2023-07-17T08:08:29,100,0,27,100
2023-07-17T08:20:55,100,0,27,100
2023-07-17T08:33:22,100,0,27,100
2023-07-17T08:45:47,100,0,27,100
2023-07-17T08:58:13,100,0,27,100
2023-07-17T09:10:38,100,0,27,100
2023-07-17T09:23:04,100,0,27,100
2023-07-17T09:35:29,100,0,27,100
2023-07-17T09:48:04,100,0,27,100
2023-07-17T10:00:29,100,0,27,100
2023-07-17T10:12:55,100,0,27,100
2023-07-17T10:25:20,100,0,27,100
2023-07-17T10:37:46,100,0,27,100
2023-07-17T10:50:11,100,0,27,100
2023-07-17T11:02:36,100,0,27,100
2023-07-17T11:15:01,100,0,27,100
2023-07-17T11:27:27,100,0,27,100
2023-07-17T11:39:54,100,0,27,100
2023-07-17T11:52:20,100,0,27,100
2023-07-17T12:04:46,100,0,27,100
2023-07-17T12:17:12,100,0,27,100
2023-07-17T12:29:51,100,0,27,100
2023-07-17T12:42:17,100,0,27,100
2023-07-17T12:54:42,100,0,27,100
2023-07-17T13:07:08,100,0,27,100
2023-07-17T13:19:34,100,0,27,100
2023-07-17T13:32:00,100,0,27,100
2023-07-17T13:44:27,100,0,27,100
2023-07-17T13:56:53,100,0,27,100
2023-07-17T14:09:18,100,0,27,100
2023-07-17T14:21:45,100,0,27,100
2023-07-17T14:34:11,100,0,27,100
2023-07-17T14:46:38,100,0,27,100
2023-07-17T14:59:16,100,0,27,100
2023-07-17T15:11:42,100,0,27,100
2023-07-17T15:24:07,100,0,27,100
2023-07-17T15:36:34,100,0,27,100
2023-07-17T15:49:00,100,0,27,100
2023-07-17T16:01:27,100,0,27,100
2023-07-17T16:13:52,100,0,27,100
2023-07-17T16:26:19,100,0,27,100
2023-07-17T16:38:47,100,0,27,100
2023-07-17T16:51:14,100,0,27,100
2023-07-17T17:03:51,100,0,27,100
2023-07-17T17:16:18,100,0,27,100
2023-07-17T17:28:45,100,0,27,100
2023-07-17T17:41:12,100,0,27,100
2023-07-17T17:53:38,100,0,27,100
2023-07-17T18:06:05,100,0,27,100
2023-07-17T18:18:31,100,0,27,100
2023-07-17T18:30:58,100,0,27,100
2023-07-17T18:43:24,100,0,27,100
2023-07-17T18:55:50,100,0,27,100
2023-07-17T19:08:18,100,0,27,100
2023-07-17T19:20:44,100,0,27,100
2023-07-17T19:33:11,100,0,27,100
2023-07-17T19:45:37,100,0,27,100
2023-07-17T19:58:04,100,0,27,100
2023-07-17T20:10:30,100,0,27,100
2023-07-17T20:23:07,100,0,27,100
2023-07-17T20:35:33,100,0,27,100
2023-07-17T20:48:00,100,0,27,100
2023-07-17T21:00:26,100,0,27,100
2023-07-17T21:12:53,100,0,27,100
2023-07-17T21:25:20,100,0,27,100
2023-07-17T21:37:46,100,0,27,100
2023-07-17T21:50:12,100,0,27,100
2023-07-17T22:02:39,100,0,27,100
2023-07-17T22:15:05,100,0,27,100
2023-07-17T22:27:32,100,0,27,100
2023-07-17T22:39:58,100,0,27,100
2023-07-17T22:52:24,100,0,27,100
2023-07-17T23:04:51,100,0,27,100
2023-07-17T23:17:18,100,0,27,100
2023-07-17T23:29:55,100,0,27,100
2023-07-17T23:42:23,100,0,27,100
2023-07-17T23:54:49,100,0,27,100
2023-07-18T00:07:18,100,0,27,100
2023-07-18T00:19:48,100,0,27,100
2023-07-18T00:32:20,100,0,27,100
2023-07-18T00:44:51,100,0,27,100
2023-07-18T00:57:23,100,0,27,100
2023-07-18T01:09:53,100,0,27,100
2023-07-18T01:22:23,100,0,27,100
2023-07-18T01:34:53,100,0,27,100
2023-07-18T01:47:25,100,0,27,100
2023-07-18T01:59:56,100,0,27,100
2023-07-18T02:12:26,100,0,27,100
2023-07-18T02:24:55,100,0,27,100
2023-07-18T02:37:23,100,0,27,100
2023-07-18T02:49:50,100,0,27,100
2023-07-18T03:02:16,100,0,27,100
2023-07-18T03:14:45,100,0,27,100
2023-07-18T03:27:14,100,0,27,100
2023-07-18T03:39:43,100,0,27,100
2023-07-18T03:52:12,100,0,27,100
2023-07-18T04:04:41,100,0,27,100
2023-07-18T04:33:52,100,0,27,100
2023-07-18T04:46:23,100,0,27,100
2023-07-18T05:00:24,100,0,27,100
2023-07-18T05:12:57,100,0,27,100
2023-07-18T05:25:27,100,0,27,100
2023-07-18T05:37:58,100,0,27,100
2023-07-18T05:50:27,100,0,27,100
2023-07-18T06:02:57,100,0,27,100
2023-07-18T06:15:27,100,0,27,100
2023-07-18T06:27:56,100,0,27,100
2023-07-18T06:40:25,100,0,27,100
2023-07-18T06:52:55,100,0,27,100
2023-07-18T07:05:25,100,0,27,100
2023-07-18T07:17:55,100,0,27,100
2023-07-18T07:30:24,100,0,27,100
2023-07-18T07:42:54,100,0,27,100
2023-07-18T07:55:22,100,0,27,100
2023-07-18T08:07:51,100,0,27,100
2023-07-18T08:20:19,100,0,27,100
2023-07-18T08:32:48,100,0,27,100
2023-07-18T08:45:16,100,0,27,100
2023-07-18T08:57:56,100,0,27,100
2023-07-18T09:10:25,100,0,27,100
2023-07-18T09:22:54,100,0,27,100
2023-07-18T09:35:21,100,0,27,100
2023-07-18T09:47:47,100,0,27,100
2023-07-18T10:00:13,100,0,27,100
2023-07-18T10:12:40,100,0,27,100
2023-07-18T10:25:07,100,0,27,100
2023-07-18T10:37:33,100,0,27,100
2023-07-18T10:49:59,100,0,27,100
2023-07-18T11:02:29,100,0,27,100
2023-07-18T11:14:56,100,0,27,100
2023-07-18T11:27:23,100,0,27,100
2023-07-18T11:39:50,100,0,27,100
2023-07-18T11:52:16,100,0,27,100
2023-07-18T12:04:43,100,0,27,100
2023-07-18T12:17:09,100,0,27,100
2023-07-18T12:29:48,100,0,27,100
2023-07-18T12:42:15,100,0,27,100
2023-07-18T12:54:41,100,0,27,100
2023-07-18T13:07:08,100,0,27,100
2023-07-18T13:19:35,100,0,27,100
2023-07-18T13:32:02,100,0,27,100
2023-07-18T13:44:28,100,0,27,100
2023-07-18T13:56:54,100,0,27,100
2023-07-18T14:09:20,100,0,27,100
2023-07-18T14:21:47,100,0,27,100
2023-07-18T14:34:14,100,0,27,100
2023-07-18T14:46:41,100,0,27,100
2023-07-18T14:59:08,100,0,27,100
2023-07-18T15:11:35,100,0,27,100
2023-07-18T15:24:03,100,0,27,100
2023-07-18T15:36:41,100,0,27,100
2023-07-18T15:49:07,100,0,27,100
2023-07-18T16:01:33,100,0,27,100
2023-07-18T16:14:00,100,0,27,100
2023-07-18T16:26:26,100,0,27,100
2023-07-18T16:38:53,100,0,27,100
2023-07-18T16:51:19,100,0,27,100
2023-07-18T17:03:46,100,0,27,100
2023-07-18T17:16:13,100,0,27,100
2023-07-18T17:28:40,100,0,27,100
2023-07-18T17:41:10,100,0,27,100
2023-07-18T17:53:37,100,0,27,100
2023-07-18T18:06:08,100,0,27,100
2023-07-18T18:18:34,100,0,27,100
2023-07-18T18:31:01,100,0,27,100
2023-07-18T18:43:39,100,0,27,100
2023-07-18T18:56:05,100,0,27,100
2023-07-18T19:08:32,100,0,27,100
2023-07-18T19:20:58,100,0,27,100
2023-07-18T19:33:25,100,0,27,100
2023-07-18T19:45:52,100,0,27,100
2023-07-18T19:58:19,100,0,27,100
2023-07-18T20:10:46,100,0,27,100
2023-07-18T20:23:13,100,0,27,100
2023-07-18T20:35:39,100,0,27,100
2023-07-18T20:48:06,100,0,27,100
2023-07-18T21:00:32,100,0,27,100
2023-07-18T21:13:08,100,0,27,100
2023-07-18T21:25:35,100,0,27,100
2023-07-18T21:38:01,100,0,27,100
2023-07-18T21:50:27,100,0,27,100
2023-07-18T22:02:54,100,0,27,100
2023-07-18T22:15:21,100,0,27,100
2023-07-18T22:27:47,100,0,27,100
2023-07-18T22:40:13,100,0,27,100
2023-07-18T22:52:39,100,0,27,100
2023-07-18T23:05:06,100,0,27,100
2023-07-18T23:17:34,100,0,27,100
2023-07-18T23:30:00,100,0,27,100
2023-07-18T23:42:27,100,0,27,100
2023-07-18T23:54:54,100,0,27,100
2023-07-19T00:07:22,100,0,27,100
2023-07-19T00:19:55,100,0,27,100
2023-07-19T00:32:24,100,0,27,100
2023-07-19T00:44:54,100,0,27,100
2023-07-19T00:57:25,100,0,27,100
2023-07-19T01:10:06,100,0,27,100
2023-07-19T01:22:36,100,0,27,100
2023-07-19T01:35:06,100,0,27,100
2023-07-19T01:47:38,100,0,27,100
2023-07-19T02:00:12,100,0,27,100
2023-07-19T02:12:44,100,0,27,100
2023-07-19T02:25:14,100,0,27,100
2023-07-19T02:37:46,100,0,27,100
2023-07-19T02:50:14,100,0,27,100
2023-07-19T03:02:43,100,0,27,100
2023-07-19T03:15:12,100,0,27,100
2023-07-19T03:27:42,100,0,27,100
2023-07-19T03:40:11,100,0,27,100
2023-07-19T03:52:40,100,0,27,100
2023-07-19T04:05:09,100,0,27,100
2023-07-19T04:22:48,100,0,27,100
2023-07-19T04:35:20,100,0,27,100
2023-07-19T04:47:51,100,0,27,100
2023-07-19T05:00:23,100,0,27,100
2023-07-19T05:12:53,100,0,27,100
2023-07-19T05:25:23,100,0,27,100
2023-07-19T05:37:52,100,0,27,100
2023-07-19T05:50:21,100,0,27,100
2023-07-19T06:02:50,100,0,27,100
2023-07-19T06:15:19,100,0,27,100
2023-07-19T06:27:48,100,0,27,100
2023-07-19T06:40:16,100,0,27,100
2023-07-19T06:52:43,100,0,27,100
2023-07-19T07:05:14,100,0,27,100
2023-07-19T07:17:42,100,0,27,100
2023-07-19T07:30:11,100,0,27,100
2023-07-19T07:42:39,100,0,27,100
2023-07-19T07:55:08,100,0,27,100
2023-07-19T08:07:37,100,0,27,100
2023-07-19T08:20:05,100,0,27,100
2023-07-19T08:32:33,100,0,27,100
2023-07-19T08:45:01,100,0,27,100
2023-07-19T08:57:27,100,0,27,100
2023-07-19T09:09:54,100,0,27,100
2023-07-19T09:22:22,100,0,27,100
2023-07-19T09:34:56,100,0,27,100
2023-07-19T09:47:22,100,0,27,100
2023-07-19T09:59:48,100,0,27,100
2023-07-19T10:12:14,100,0,27,100
2023-07-19T10:24:39,100,0,27,100
2023-07-19T10:37:05,100,0,27,100
2023-07-19T10:49:31,100,0,27,100
2023-07-19T11:01:58,100,0,27,100
2023-07-19T11:14:24,100,0,27,100
2023-07-19T11:26:50,100,0,27,100
2023-07-19T11:39:16,100,0,27,100
2023-07-19T11:51:43,100,0,27,100
2023-07-19T12:04:09,100,0,27,100
2023-07-19T12:16:47,100,0,27,100
2023-07-19T12:29:13,100,0,27,100
2023-07-19T12:41:40,100,0,27,100
2023-07-19T12:54:06,100,0,27,100
2023-07-19T13:06:32,100,0,27,100
2023-07-19T13:18:57,100,0,27,100
2023-07-19T13:31:23,100,0,27,100
2023-07-19T13:43:49,100,0,27,100
2023-07-19T13:56:15,100,0,27,100
2023-07-19T14:08:40,100,0,27,100
2023-07-19T14:21:06,100,0,27,100
2023-07-19T14:33:31,100,0,27,100
2023-07-19T14:46:07,100,0,27,100
2023-07-19T14:58:32,100,0,27,100
2023-07-19T15:10:57,100,0,27,100
2023-07-19T15:23:23,100,0,27,100
2023-07-19T15:35:49,100,0,27,100
2023-07-19T15:48:16,100,0,27,100
2023-07-19T16:00:42,100,0,27,100
2023-07-19T16:13:07,100,0,27,100
2023-07-19T16:25:33,100,0,27,100
2023-07-19T16:37:59,100,0,27,100
2023-07-19T16:50:25,100,0,27,100
2023-07-19T17:02:51,100,0,27,100
2023-07-19T17:15:25,100,0,27,100
2023-07-19T17:28:02,100,0,27,100
2023-07-19T17:40:29,100,0,27,100
2023-07-19T17:52:54,100,0,27,100
2023-07-19T18:05:21,100,0,27,100
2023-07-19T18:17:47,100,0,27,100
2023-07-19T18:30:13,100,0,27,100
2023-07-19T18:42:40,100,0,27,100
2023-07-19T18:55:06,100,0,27,100
2023-07-19T19:07:45,100,0,27,100
2023-07-19T19:20:12,100,0,27,100
2023-07-19T19:32:38,100,0,27,100
2023-07-19T19:45:06,100,0,27,100
2023-07-19T19:57:37,100,0,27,100
2023-07-19T20:10:03,100,0,27,100
2023-07-19T20:22:41,100,0,27,100
2023-07-19T20:35:07,100,0,27,100
2023-07-19T20:47:34,100,0,27,100
2023-07-19T21:00:00,100,0,27,100
2023-07-19T21:12:26,100,0,27,100
2023-07-19T21:24:52,100,0,27,100
2023-07-19T21:37:18,100,0,27,100
2023-07-19T21:49:44,100,0,27,100
2023-07-19T22:02:10,100,0,27,100
2023-07-19T22:14:36,100,0,27,100
2023-07-19T22:27:02,100,0,27,100
2023-07-19T22:39:28,100,0,27,100
2023-07-19T22:51:54,100,0,27,100
2023-07-19T23:04:20,100,0,27,100
2023-07-19T23:16:47,100,0,27,100
2023-07-19T23:29:14,100,0,27,100
2023-07-19T23:41:41,100,0,27,100
2023-07-19T23:54:18,100,0,27,100
2023-07-20T00:06:45,100,0,27,100
2023-07-20T00:19:16,100,0,27,100
2023-07-20T00:31:45,100,0,27,100
2023-07-20T00:44:16,100,0,27,100
2023-07-20T00:56:47,100,0,27,100
2023-07-20T01:09:19,100,0,27,100
2023-07-20T01:21:48,100,0,27,100
2023-07-20T01:34:19,100,0,27,100
2023-07-20T01:46:51,100,0,27,100
2023-07-20T01:59:22,100,0,27,100
2023-07-20T02:11:53,100,0,27,100
2023-07-20T02:24:22,100,0,27,100
2023-07-20T02:36:50,100,0,27,100
2023-07-20T02:49:16,100,0,27,100
2023-07-20T03:01:42,100,0,27,100
2023-07-20T03:14:11,100,0,27,100
2023-07-20T03:26:39,100,0,27,100
2023-07-20T03:39:07,100,0,27,100
2023-07-20T03:51:36,100,0,27,100
2023-07-20T04:04:06,100,0,27,100
2023-07-20T04:16:05,100,0,27,100
2023-07-20T04:28:37,100,0,27,100
2023-07-20T04:41:11,100,0,27,100
2023-07-20T04:53:42,100,0,27,100
2023-07-20T05:06:13,100,0,27,100
2023-07-20T05:18:43,100,0,27,100
2023-07-20T05:31:12,100,0,27,100
2023-07-20T05:43:42,100,0,27,100
2023-07-20T05:56:12,100,0,27,100
2023-07-20T06:08:41,100,0,27,100
2023-07-20T06:21:10,100,0,27,100
2023-07-20T06:33:39,100,0,27,100
2023-07-20T06:46:08,100,0,27,100
2023-07-20T06:58:36,100,0,27,100
2023-07-20T07:11:04,100,0,27,100
2023-07-20T07:23:33,100,0,27,100
2023-07-20T07:36:01,100,0,27,100
2023-07-20T07:48:28,100,0,27,100
2023-07-20T08:00:56,100,0,27,100
2023-07-20T08:13:24,100,0,27,100
2023-07-20T08:25:53,100,0,27,100
2023-07-20T08:38:25,100,0,27,100
2023-07-20T08:50:54,100,0,27,100
2023-07-20T09:03:22,100,0,27,100
2023-07-20T09:15:51,100,0,27,100
2023-07-20T09:28:28,100,0,27,100
2023-07-20T09:40:55,100,0,27,100
2023-07-20T09:53:21,100,0,27,100
2023-07-20T10:05:47,100,0,27,100
2023-07-20T10:18:14,100,0,27,100
2023-07-20T10:30:40,100,0,27,100
2023-07-20T10:43:07,100,0,27,100
2023-07-20T10:55:33,100,0,27,100
2023-07-20T11:07:59,100,0,27,100
2023-07-20T11:20:25,100,0,27,100
2023-07-20T11:32:51,100,0,27,100
2023-07-20T11:45:17,100,0,27,100
2023-07-20T11:57:44,100,0,27,100
2023-07-20T12:10:30,100,0,27,100
2023-07-20T12:22:56,100,0,27,100
2023-07-20T12:35:23,100,0,27,100
2023-07-20T12:47:49,100,0,27,100
2023-07-20T13:00:15,100,0,27,100
2023-07-20T13:12:42,100,0,27,100
2023-07-20T13:25:08,100,0,27,100
2023-07-20T13:37:35,100,0,27,100
2023-07-20T13:50:01,100,0,27,100
2023-07-20T14:02:27,100,0,27,100
2023-07-20T14:14:53,100,0,27,100
2023-07-20T14:27:19,100,0,27,100
2023-07-20T14:39:45,100,0,27,100
2023-07-20T14:52:29,100,0,27,100
2023-07-20T15:04:55,100,0,27,100
2023-07-20T15:17:21,100,0,27,100
2023-07-20T15:29:47,100,0,27,100
2023-07-20T15:42:13,100,0,27,100
2023-07-20T15:54:39,100,0,27,100
2023-07-20T16:07:05,100,0,27,100
2023-07-20T16:19:31,100,0,27,100
2023-07-20T16:31:57,100,0,27,100
2023-07-20T16:44:23,100,0,27,100
2023-07-20T16:56:49,100,0,27,100
2023-07-20T17:09:16,100,0,27,100
2023-07-20T17:21:43,100,0,27,100
2023-07-20T17:34:12,100,0,27,100
2023-07-20T17:46:49,100,0,27,100
2023-07-20T17:59:15,100,0,27,100
2023-07-20T18:11:41,100,0,27,100
2023-07-20T18:24:07,100,0,27,100
2023-07-20T18:36:33,100,0,27,100
2023-07-20T18:48:59,100,0,27,100
2023-07-20T19:01:26,100,0,27,100
2023-07-20T19:13:52,100,0,27,100
2023-07-20T19:26:19,100,0,27,100
2023-07-20T19:38:45,100,0,27,100
2023-07-20T19:51:11,100,0,27,100
2023-07-20T20:03:38,100,0,27,100
2023-07-20T20:16:04,100,0,27,100
2023-07-20T20:28:30,100,0,27,100
2023-07-20T20:40:56,100,0,27,100
2023-07-20T20:53:41,100,0,27,100
2023-07-20T21:06:07,100,0,27,100
2023-07-20T21:18:33,100,0,27,100
2023-07-20T21:31:00,100,0,27,100
2023-07-20T21:43:26,100,0,27,100
2023-07-20T21:55:52,100,0,27,100
2023-07-20T22:08:18,100,0,27,100
2023-07-20T22:20:44,100,0,27,100
2023-07-20T22:33:11,100,0,27,100
2023-07-20T22:45:37,100,0,27,100
2023-07-20T22:58:03,100,0,27,100
2023-07-20T23:10:29,100,0,27,100
2023-07-20T23:22:56,100,0,27,100
2023-07-20T23:35:23,100,0,27,100
2023-07-20T23:47:50,100,0,27,100
2023-07-21T00:00:17,100,0,27,100
2023-07-21T00:12:57,100,0,27,100
2023-07-21T00:25:29,100,0,27,100
2023-07-21T00:37:58,100,0,27,100
2023-07-21T00:50:29,100,0,27,100
2023-07-21T01:03:00,100,0,27,100
2023-07-21T01:15:29,100,0,27,100
2023-07-21T01:27:59,100,0,27,100
2023-07-21T01:40:30,100,0,27,100
2023-07-21T01:53:00,100,0,27,100
2023-07-21T02:05:29,100,0,27,100
2023-07-21T02:17:58,100,0,27,100
2023-07-21T02:30:24,100,0,27,100
2023-07-21T02:42:52,100,0,27,100
2023-07-21T02:55:20,100,0,27,100
2023-07-21T03:07:51,100,0,27,100
2023-07-21T03:20:22,100,0,27,100
2023-07-21T03:33:09,100,0,27,100
2023-07-21T03:45:40,100,0,27,100
2023-07-21T03:58:10,100,0,27,100
2023-07-21T04:16:43,100,0,27,100
2023-07-21T04:29:17,100,0,27,100
2023-07-21T04:41:49,100,0,27,100
2023-07-21T04:54:21,100,0,27,100
2023-07-21T05:06:51,100,0,27,100
2023-07-21T05:19:21,100,0,27,100
2023-07-21T05:31:51,100,0,27,100
2023-07-21T05:44:23,100,0,27,100
2023-07-21T05:56:53,100,0,27,100
2023-07-21T06:09:23,100,0,27,100
2023-07-21T06:21:53,100,0,27,100
2023-07-21T06:34:23,100,0,27,100
2023-07-21T06:46:53,100,0,27,100
2023-07-21T06:59:22,100,0,27,100
2023-07-21T07:11:52,100,0,27,100
2023-07-21T07:24:21,100,0,27,100
2023-07-21T07:36:49,100,0,27,100
2023-07-21T07:49:18,100,0,27,100
2023-07-21T08:01:47,100,0,27,100
2023-07-21T08:14:16,100,0,27,100
2023-07-21T08:26:45,100,0,27,100
2023-07-21T08:39:29,100,0,27,100
2023-07-21T08:51:56,100,0,27,100
2023-07-21T09:04:23,100,0,27,100
2023-07-21T09:16:49,100,0,27,100
2023-07-21T09:29:16,100,0,27,100
2023-07-21T09:41:43,100,0,27,100
2023-07-21T09:54:09,100,0,27,100
2023-07-21T10:06:36,100,0,27,100
2023-07-21T10:19:04,100,0,27,100
2023-07-21T10:31:31,100,0,27,100
2023-07-21T10:43:57,100,0,27,100
2023-07-21T10:56:24,100,0,27,100
2023-07-21T11:08:51,100,0,27,100
2023-07-21T11:21:17,100,0,27,100
2023-07-21T11:33:44,100,0,27,100
2023-07-21T11:46:10,100,0,27,100
2023-07-21T11:58:47,100,0,27,100
2023-07-21T12:11:14,100,0,27,100
2023-07-21T12:23:41,100,0,27,100
2023-07-21T12:36:07,100,0,27,100
2023-07-21T12:48:34,100,0,27,100
2023-07-21T13:01:00,100,0,27,100
2023-07-21T13:13:26,100,0,27,100
2023-07-21T13:25:54,100,0,27,100
2023-07-21T13:38:22,100,0,27,100
2023-07-21T13:50:49,100,0,27,100
2023-07-21T14:03:17,100,0,27,100
2023-07-21T14:15:46,100,0,27,100
2023-07-21T14:28:14,100,0,27,100
2023-07-21T14:40:54,100,0,27,100
2023-07-21T14:53:23,100,0,27,100
2023-07-21T15:05:51,100,0,27,100
2023-07-21T15:18:19,100,0,27,100
2023-07-21T15:30:43,100,0,27,100
2023-07-21T15:43:07,100,0,27,100
2023-07-21T15:55:31,100,0,27,100
2023-07-21T16:07:54,100,0,27,100
2023-07-21T16:20:20,100,0,27,100
2023-07-21T16:32:47,100,0,27,100
2023-07-21T16:45:14,100,0,27,100
2023-07-21T16:57:41,100,0,27,100
2023-07-21T17:10:32,100,0,27,100
2023-07-21T17:22:59,100,0,27,100
2023-07-21T17:35:26,100,0,27,100
2023-07-21T17:47:54,100,0,27,100
2023-07-21T18:00:21,100,0,27,100
2023-07-21T18:12:48,100,0,27,100
2023-07-21T18:25:15,100,0,27,100
2023-07-21T18:37:41,100,0,27,100
2023-07-21T18:50:08,100,0,27,100
2023-07-21T19:02:35,100,0,27,100
2023-07-21T19:15:01,100,0,27,100
2023-07-21T19:27:28,100,0,27,100
2023-07-21T19:40:05,100,0,27,100
2023-07-21T19:52:32,100,0,27,100
2023-07-21T20:04:58,100,0,27,100
2023-07-21T20:17:25,100,0,27,100
2023-07-21T20:29:52,100,0,27,100
2023-07-21T20:42:18,100,0,27,100
2023-07-21T20:54:45,100,0,27,100
2023-07-21T21:07:11,100,0,27,100
2023-07-21T21:19:38,100,0,27,100
2023-07-21T21:32:04,100,0,27,100
2023-07-21T21:44:31,100,0,27,100
2023-07-21T21:56:57,100,0,27,100
2023-07-21T22:09:24,100,0,27,100
2023-07-21T22:21:50,100,0,27,100
2023-07-21T22:34:18,100,0,27,100
2023-07-21T22:46:44,100,0,27,100
2023-07-21T22:59:11,100,0,27,100
2023-07-21T23:11:39,100,0,27,100
2023-07-21T23:24:17,100,0,27,100
2023-07-21T23:36:44,100,0,27,100
2023-07-21T23:49:11,100,0,27,100
2023-07-22T00:01:38,100,0,27,100
2023-07-22T00:14:12,100,0,27,100
2023-07-22T00:26:43,100,0,27,100
2023-07-22T00:39:13,100,0,27,100
2023-07-22T00:51:43,100,0,27,100
2023-07-22T01:04:14,100,0,27,100
2023-07-22T01:16:44,100,0,27,100
2023-07-22T01:29:14,100,0,27,100
2023-07-22T01:41:46,100,0,27,100
2023-07-22T01:54:17,100,0,27,100
2023-07-22T02:06:47,100,0,27,100
2023-07-22T02:19:16,100,0,27,100
2023-07-22T02:31:43,100,0,27,100
2023-07-22T02:44:10,100,0,27,100
2023-07-22T02:56:37,100,0,27,100
2023-07-22T03:09:06,100,0,27,100
2023-07-22T03:21:36,100,0,27,100
2023-07-22T03:34:07,100,0,27,100
2023-07-22T03:46:36,100,0,27,100
2023-07-22T03:59:15,100,0,27,100
2023-07-22T04:15:27,100,0,26,100
2023-07-22T04:27:59,100,0,26,100
2023-07-22T04:40:30,100,0,26,100
2023-07-22T04:53:00,100,0,26,100
2023-07-22T05:05:30,100,0,26,100
2023-07-22T05:17:57,100,0,26,100
2023-07-22T05:30:23,100,0,26,100
2023-07-22T05:42:50,100,0,26,100
2023-07-22T05:55:16,100,0,26,100
2023-07-22T06:07:42,100,0,26,100
2023-07-22T06:20:13,100,0,26,100
2023-07-22T06:32:43,100,0,26,100
2023-07-22T06:45:14,100,0,26,100
2023-07-22T06:57:44,100,0,26,100
2023-07-22T07:10:14,100,0,26,100
2023-07-22T07:22:44,100,0,26,100
2023-07-22T07:35:13,100,0,26,100
2023-07-22T07:47:42,100,0,26,100
2023-07-22T08:00:12,100,0,26,100
2023-07-22T08:12:42,100,0,26,100
2023-07-22T08:25:12,100,0,26,100
2023-07-22T08:37:41,100,0,26,100
2023-07-22T08:50:20,100,0,26,100
2023-07-22T09:02:50,100,0,26,100
2023-07-22T09:15:20,100,0,26,100
2023-07-22T09:27:49,100,0,26,100
2023-07-22T09:40:19,100,0,26,100
2023-07-22T09:52:48,100,0,26,100
2023-07-22T10:05:18,100,0,26,100
2023-07-22T10:17:48,100,0,26,100
2023-07-22T10:30:17,100,0,26,100
2023-07-22T10:42:46,100,0,26,100
2023-07-22T10:55:16,100,0,26,100
2023-07-22T11:07:46,100,0,26,100
2023-07-22T11:20:15,100,0,26,100
2023-07-22T11:32:45,100,0,26,100
2023-07-22T11:45:14,100,0,26,100
2023-07-22T11:57:43,100,0,26,100
2023-07-22T12:10:10,100,0,26,100
2023-07-22T12:22:36,100,0,26,100
2023-07-22T12:35:03,100,0,26,100
2023-07-22T12:47:29,100,0,26,100
2023-07-22T12:59:55,100,0,26,100
2023-07-22T13:12:22,100,0,26,100
2023-07-22T13:24:59,100,0,26,100
2023-07-22T13:37:25,100,0,26,100
2023-07-22T13:49:51,100,0,26,100
2023-07-22T14:02:18,100,0,26,100
2023-07-22T14:14:44,100,0,26,100
2023-07-22T14:27:11,100,0,26,100
2023-07-22T14:39:37,100,0,26,100
2023-07-22T14:52:04,100,0,26,100
2023-07-22T15:04:30,100,0,26,100
2023-07-22T15:16:59,100,0,26,100
2023-07-22T15:29:25,100,0,26,100
2023-07-22T15:41:51,100,0,26,100
2023-07-22T15:54:17,100,0,26,100
2023-07-22T16:06:43,100,0,26,100
2023-07-22T16:19:09,100,0,26,100
2023-07-22T16:31:36,100,0,26,100
2023-07-22T16:44:02,100,0,26,100
2023-07-22T16:56:38,100,0,26,100
2023-07-22T17:09:05,100,0,26,100
2023-07-22T17:21:32,100,0,26,100
2023-07-22T17:33:58,100,0,26,100
2023-07-22T17:46:24,100,0,26,100
2023-07-22T17:58:51,100,0,26,100
2023-07-22T18:11:17,100,0,26,100
2023-07-22T18:23:43,100,0,26,100
2023-07-22T18:36:10,100,0,26,100
2023-07-22T18:48:36,100,0,26,100
2023-07-22T19:01:02,100,0,26,100
2023-07-22T19:13:29,100,0,26,100
2023-07-22T19:25:55,100,0,26,100
2023-07-22T19:38:21,100,0,26,100
2023-07-22T19:50:47,100,0,26,100
2023-07-22T20:03:14,100,0,26,100
2023-07-22T20:15:40,100,0,26,100
2023-07-22T20:28:06,100,0,26,100
2023-07-22T20:40:32,100,0,26,100
2023-07-22T20:52:58,100,0,26,100
2023-07-22T21:05:25,100,0,26,100
2023-07-22T21:17:51,100,0,26,100
2023-07-22T21:30:28,100,0,26,100
2023-07-22T21:42:54,100,0,26,100
2023-07-22T21:55:20,100,0,26,100
2023-07-22T22:07:46,100,0,26,100
2023-07-22T22:20:13,100,0,26,100
2023-07-22T22:32:39,100,0,26,100
2023-07-22T22:45:05,100,0,26,100
2023-07-22T22:57:31,100,0,26,100
2023-07-22T23:09:58,100,0,26,100
2023-07-22T23:22:24,100,0,26,100
2023-07-22T23:34:51,100,0,26,100
2023-07-22T23:47:17,100,0,26,100
2023-07-22T23:59:44,100,0,26,100
2023-07-23T00:12:13,100,0,26,100
2023-07-23T00:24:43,100,0,26,100
2023-07-23T00:37:13,100,0,26,100
2023-07-23T00:49:43,100,0,26,100
2023-07-23T01:02:22,100,0,26,100
2023-07-23T01:14:50,100,0,26,100
2023-07-23T01:27:19,100,0,26,100
2023-07-23T01:39:48,100,0,26,100
2023-07-23T01:52:17,100,0,26,100
2023-07-23T02:04:48,100,0,26,100
2023-07-23T02:17:18,100,0,26,100
2023-07-23T02:29:48,100,0,26,100
2023-07-23T02:42:20,100,0,26,100
2023-07-23T02:54:49,100,0,26,100
2023-07-23T03:07:17,100,0,26,100
2023-07-23T03:19:47,100,0,26,100
2023-07-23T03:32:17,100,0,26,100
2023-07-23T03:44:46,100,0,26,100
2023-07-23T03:57:16,100,0,26,100
2023-07-23T04:09:46,100,0,26,100
2023-07-23T04:20:31,100,0,26,100
2023-07-23T04:33:04,100,0,26,100
2023-07-23T04:45:36,100,0,26,100
2023-07-23T04:58:06,100,0,26,100
2023-07-23T05:10:36,100,0,26,100
2023-07-23T05:23:06,100,0,26,100
2023-07-23T05:35:37,100,0,26,100
2023-07-23T05:48:07,100,0,26,100
2023-07-23T06:00:37,100,0,26,100
2023-07-23T06:13:05,100,0,26,100
2023-07-23T06:25:35,100,0,26,100
2023-07-23T06:38:05,100,0,26,100
2023-07-23T06:50:35,100,0,26,100
2023-07-23T07:03:03,100,0,26,100
2023-07-23T07:15:29,100,0,26,100
2023-07-23T07:27:55,100,0,26,100
2023-07-23T07:40:22,100,0,26,100
2023-07-23T07:52:48,100,0,26,100
2023-07-23T08:05:15,100,0,26,100
2023-07-23T08:17:41,100,0,26,100
2023-07-23T08:30:09,100,0,26,100
2023-07-23T08:42:38,100,0,26,100
2023-07-23T08:55:04,100,0,26,100
2023-07-23T09:07:32,100,0,26,100
2023-07-23T09:19:58,100,0,26,100
2023-07-23T09:32:24,100,0,26,100
2023-07-23T09:44:52,100,0,26,100
2023-07-23T09:57:18,100,0,26,100
2023-07-23T10:09:45,100,0,26,100
2023-07-23T10:22:12,100,0,26,100
2023-07-23T10:34:39,100,0,26,100
2023-07-23T10:47:06,100,0,26,100
2023-07-23T10:59:33,100,0,26,100
2023-07-23T11:12:01,100,0,26,100
2023-07-23T11:24:29,100,0,26,100
2023-07-23T11:36:56,100,0,26,100
2023-07-23T11:49:22,100,0,26,100
2023-07-23T12:01:49,100,0,26,100
2023-07-23T12:14:16,100,0,26,100
2023-07-23T12:26:52,100,0,26,100
2023-07-23T12:39:19,100,0,26,100
2023-07-23T12:51:45,100,0,26,100
2023-07-23T13:04:12,100,0,26,100
2023-07-23T13:16:39,100,0,26,100
2023-07-23T13:29:05,100,0,26,100
2023-07-23T13:41:32,100,0,26,100
2023-07-23T13:53:58,100,0,26,100
2023-07-23T14:06:24,100,0,26,100
2023-07-23T14:18:50,100,0,26,100
2023-07-23T14:31:17,100,0,26,100
2023-07-23T14:43:42,100,0,26,100
2023-07-23T14:56:09,100,0,26,100
2023-07-23T15:08:35,100,0,26,100
2023-07-23T15:21:01,100,0,26,100
2023-07-23T15:33:27,100,0,26,100
2023-07-23T15:45:54,100,0,26,100
2023-07-23T15:58:20,100,0,26,100
2023-07-23T16:10:47,100,0,26,100
2023-07-23T16:23:14,100,0,26,100
2023-07-23T16:35:41,100,0,26,100
2023-07-23T16:48:07,100,0,26,100
2023-07-23T17:00:34,100,0,26,100
2023-07-23T17:13:10,100,0,26,100
2023-07-23T17:25:37,100,0,26,100
2023-07-23T17:38:03,100,0,26,100
2023-07-23T17:50:29,100,0,26,100
2023-07-23T18:02:56,100,0,26,100
2023-07-23T18:15:22,100,0,26,100
2023-07-23T18:27:48,100,0,26,100
2023-07-23T18:40:15,100,0,26,100
2023-07-23T18:52:41,100,0,26,100
2023-07-23T19:05:09,100,0,26,100
2023-07-23T19:17:37,100,0,26,100
2023-07-23T19:30:04,100,0,26,100
2023-07-23T19:42:30,100,0,26,100
2023-07-23T19:54:56,100,0,26,100
2023-07-23T20:07:23,100,0,26,100
2023-07-23T20:19:59,100,0,26,100
2023-07-23T20:32:25,100,0,26,100
2023-07-23T20:44:51,100,0,26,100
2023-07-23T20:57:18,100,0,26,100
2023-07-23T21:09:44,100,0,26,100
2023-07-23T21:22:11,100,0,26,100
2023-07-23T21:34:38,100,0,26,100
2023-07-23T21:47:04,100,0,26,100
2023-07-23T21:59:31,100,0,26,100
2023-07-23T22:11:57,100,0,26,100
2023-07-23T22:24:24,100,0,26,100
2023-07-23T22:36:51,100,0,26,100
2023-07-23T22:49:17,100,0,26,100
2023-07-23T23:01:44,100,0,26,100
2023-07-23T23:14:11,100,0,26,100
2023-07-23T23:26:39,100,0,26,100
2023-07-23T23:39:06,100,0,26,100
2023-07-23T23:51:32,100,0,26,100
2023-07-24T00:04:09,100,0,26,100
2023-07-24T00:16:45,100,0,26,100
2023-07-24T00:29:23,100,0,26,100
2023-07-24T00:41:59,100,0,26,100
2023-07-24T00:54:28,100,0,26,100
2023-07-24T01:06:54,100,0,26,100
2023-07-24T01:19:27,100,0,26,100
2023-07-24T01:31:59,100,0,26,100
2023-07-24T01:44:29,100,0,26,100
2023-07-24T01:57:01,100,0,26,100
2023-07-24T02:09:42,100,0,26,100
2023-07-24T02:22:11,100,0,26,100
2023-07-24T02:34:41,100,0,26,100
2023-07-24T02:47:09,100,0,26,100
2023-07-24T02:59:37,100,0,26,100
2023-07-24T03:12:07,100,0,26,100
2023-07-24T03:24:36,100,0,26,100
2023-07-24T03:37:06,100,0,26,100
2023-07-24T03:49:35,100,0,26,100
2023-07-24T04:02:05,100,0,26,100
2023-07-24T04:18:26,100,0,26,100
2023-07-24T04:30:59,100,0,26,100
2023-07-24T04:43:31,100,0,26,100
2023-07-24T04:56:02,100,0,26,100
2023-07-24T05:08:34,100,0,26,100
2023-07-24T05:21:04,100,0,26,100
2023-07-24T05:33:35,100,0,26,100
2023-07-24T05:46:05,100,0,26,100
2023-07-24T05:58:35,100,0,26,100
2023-07-24T06:11:05,100,0,26,100
2023-07-24T06:23:35,100,0,26,100
2023-07-24T06:36:05,100,0,26,100
2023-07-24T06:48:35,100,0,26,100
2023-07-24T07:01:04,100,0,26,100
2023-07-24T07:13:33,100,0,26,100
2023-07-24T07:26:00,100,0,26,100
2023-07-24T07:38:26,100,0,26,100
2023-07-24T07:50:53,100,0,26,100
2023-07-24T08:03:19,100,0,26,100
2023-07-24T08:15:46,100,0,26,100
2023-07-24T08:28:13,100,0,26,100
2023-07-24T08:40:40,100,0,26,100
2023-07-24T08:53:07,100,0,26,100
2023-07-24T09:05:34,100,0,26,100
2023-07-24T09:18:04,100,0,26,100
2023-07-24T09:30:39,100,0,26,100
2023-07-24T09:43:05,100,0,26,100
2023-07-24T09:55:32,100,0,26,100
2023-07-24T10:07:58,100,0,26,100
2023-07-24T10:20:25,100,0,26,100
2023-07-24T10:32:52,100,0,26,100
2023-07-24T10:45:18,100,0,26,100
2023-07-24T10:57:45,100,0,26,100
2023-07-24T11:10:11,100,0,26,100
2023-07-24T11:22:38,100,0,26,100
2023-07-24T11:35:05,100,0,26,100
2023-07-24T11:47:32,100,0,26,100
2023-07-24T11:59:58,100,0,26,100
2023-07-24T12:12:35,100,0,26,100
2023-07-24T12:25:03,100,0,26,100
2023-07-24T12:37:30,100,0,26,100
2023-07-24T12:49:57,100,0,26,100
2023-07-24T13:02:24,100,0,26,100
2023-07-24T13:14:50,100,0,26,100
2023-07-24T13:27:17,100,0,26,100
2023-07-24T13:39:43,100,0,26,100
2023-07-24T13:52:11,100,0,26,100
2023-07-24T14:04:40,100,0,26,100
2023-07-24T14:17:07,100,0,26,100
2023-07-24T14:29:44,100,0,26,100
2023-07-24T14:42:11,100,0,26,100
2023-07-24T14:54:38,100,0,26,100
2023-07-24T15:07:05,100,0,26,100
2023-07-24T15:19:33,100,0,26,100
2023-07-24T15:31:59,100,0,26,100
2023-07-24T15:44:27,100,0,26,100
2023-07-24T15:56:54,100,0,26,100
2023-07-24T16:09:20,100,0,26,100
2023-07-24T16:21:47,100,0,26,100
2023-07-24T16:34:14,100,0,26,100
2023-07-24T16:46:53,100,0,26,100
2023-07-24T16:59:20,100,0,26,100
2023-07-24T17:11:48,100,0,26,100
2023-07-24T17:24:15,100,0,26,100
2023-07-24T17:36:42,100,0,26,100
2023-07-24T17:49:09,100,0,26,100
2023-07-24T18:01:35,100,0,26,100
2023-07-24T18:14:02,100,0,26,100
2023-07-24T18:26:29,100,0,26,100
2023-07-24T18:38:56,100,0,26,100
2023-07-24T18:51:24,100,0,26,100
2023-07-24T19:03:51,100,0,26,100
2023-07-24T19:16:18,100,0,26,100
2023-07-24T19:28:46,100,0,26,100
2023-07-24T19:41:23,100,0,26,100
2023-07-24T19:53:50,100,0,26,100
2023-07-24T20:06:18,100,0,26,100
2023-07-24T20:18:45,100,0,26,100
2023-07-24T20:31:12,100,0,26,100
2023-07-24T20:43:39,100,0,26,100
2023-07-24T20:56:06,100,0,26,100
2023-07-24T21:08:32,100,0,26,100
2023-07-24T21:20:59,100,0,26,100
2023-07-24T21:33:26,100,0,26,100
2023-07-24T21:45:53,100,0,26,100
2023-07-24T21:58:20,100,0,26,100
2023-07-24T22:10:47,100,0,26,100
2023-07-24T22:23:14,100,0,26,100
2023-07-24T22:35:52,100,0,26,100
2023-07-24T22:48:19,100,0,26,100
2023-07-24T23:00:47,100,0,26,100
2023-07-24T23:13:14,100,0,26,100
2023-07-24T23:25:42,100,0,26,100
2023-07-24T23:38:10,100,0,26,100
2023-07-24T23:50:37,100,0,26,100
2023-07-25T00:03:05,100,0,26,100
2023-07-25T00:15:35,100,0,26,100
2023-07-25T00:28:08,100,0,26,100
2023-07-25T00:40:38,100,0,26,100
2023-07-25T00:53:09,100,0,26,100
2023-07-25T01:05:40,100,0,26,100
2023-07-25T01:18:10,100,0,27,100
2023-07-25T01:30:41,100,0,26,100
2023-07-25T01:43:11,100,0,26,100
2023-07-25T01:55:54,100,0,26,100
2023-07-25T02:08:24,100,0,26,100
2023-07-25T02:20:54,100,0,26,100
2023-07-25T02:33:23,100,0,26,100
2023-07-25T02:45:51,100,0,26,100
2023-07-25T02:58:18,100,0,26,100
2023-07-25T03:10:46,100,0,26,100
2023-07-25T03:23:15,100,0,26,100
2023-07-25T03:35:44,100,0,26,100
2023-07-25T03:48:14,100,0,26,100
2023-07-25T04:00:43,100,0,26,100
2023-07-25T04:17:00,100,0,26,100
2023-07-25T04:29:32,100,0,26,100
2023-07-25T04:42:04,100,0,26,100
2023-07-25T04:54:36,100,0,26,100
2023-07-25T05:07:07,100,0,26,100
2023-07-25T05:19:39,100,0,26,100
2023-07-25T05:32:08,100,0,26,100
2023-07-25T05:44:38,100,0,26,100
2023-07-25T05:57:08,100,0,26,100
2023-07-25T06:09:38,100,0,26,100
2023-07-25T06:22:09,100,0,26,100
2023-07-25T06:34:39,100,0,26,100
2023-07-25T06:47:09,100,0,26,100
2023-07-25T06:59:38,100,0,26,100
2023-07-25T07:12:07,100,0,26,100
2023-07-25T07:24:36,100,0,26,100
2023-07-25T07:37:04,100,0,26,100
2023-07-25T07:49:33,100,0,26,100
2023-07-25T08:02:01,100,0,26,100
2023-07-25T08:14:30,100,0,26,100
2023-07-25T08:26:59,100,0,26,100
2023-07-25T08:39:28,100,0,26,100
2023-07-25T08:52:06,100,0,26,100
2023-07-25T09:04:34,100,0,26,100
2023-07-25T09:17:04,100,0,26,100
2023-07-25T09:29:34,100,0,26,100
2023-07-25T09:42:05,100,0,26,100
2023-07-25T09:54:33,100,0,26,100
2023-07-25T10:07:01,100,0,26,100
2023-07-25T10:19:30,100,0,26,100
2023-07-25T10:31:57,100,0,26,100
2023-07-25T10:44:24,100,0,26,100
2023-07-25T10:57:02,100,0,26,100
2023-07-25T11:09:29,100,0,26,100
2023-07-25T11:21:57,100,0,26,100
2023-07-25T11:34:25,100,0,26,100
2023-07-25T11:46:52,100,0,26,100
2023-07-25T11:59:19,100,0,26,100
2023-07-25T12:11:46,100,0,26,100
2023-07-25T12:24:24,100,0,26,100
2023-07-25T12:36:51,100,0,26,100
2023-07-25T12:49:19,100,0,26,100
2023-07-25T13:01:46,100,0,26,100
2023-07-25T13:14:13,100,0,26,100
2023-07-25T13:26:41,100,0,26,100
2023-07-25T13:39:18,100,0,26,100
2023-07-25T13:51:46,100,0,26,100
2023-07-25T14:04:14,100,0,26,100
2023-07-25T14:16:42,100,0,26,100
2023-07-25T14:29:10,100,0,26,100
2023-07-25T14:41:39,100,0,26,100
2023-07-25T14:54:08,100,0,26,100
2023-07-25T15:06:36,100,0,26,100
2023-07-25T15:19:16,100,0,26,100
2023-07-25T15:31:45,100,0,26,100
2023-07-25T15:44:14,100,0,26,100
2023-07-25T15:56:42,100,0,26,100
2023-07-25T16:09:11,100,0,26,100
2023-07-25T16:21:40,100,0,26,100
2023-07-25T16:34:09,100,0,26,100
2023-07-25T16:46:38,100,0,26,100
2023-07-25T16:59:06,100,0,26,100
2023-07-25T17:11:48,100,0,26,100
2023-07-25T17:24:18,100,0,26,100
2023-07-25T17:36:47,100,0,26,100
2023-07-25T17:49:16,100,0,26,100
2023-07-25T18:01:44,100,0,26,100
2023-07-25T18:14:13,100,0,26,100
2023-07-25T18:26:42,100,0,26,100
2023-07-25T18:39:11,100,0,26,100
2023-07-25T18:51:40,100,0,26,100
2023-07-25T19:04:09,100,0,26,100
2023-07-25T19:16:49,100,0,26,100
2023-07-25T19:29:18,100,0,26,100
2023-07-25T19:41:47,100,0,26,100
2023-07-25T19:54:16,100,0,26,100
2023-07-25T20:06:45,100,0,26,100
2023-07-25T20:19:14,100,0,26,100
2023-07-25T20:31:43,100,0,26,100
2023-07-25T20:44:12,100,0,26,100
2023-07-25T20:56:41,100,0,26,100
2023-07-25T21:09:10,100,0,26,100
2023-07-25T21:21:39,100,0,26,100
2023-07-25T21:34:07,100,0,26,100
2023-07-25T21:46:36,100,0,26,100
2023-07-25T21:59:05,100,0,26,100
2023-07-25T22:11:35,100,0,26,100
2023-07-25T22:24:15,100,0,26,100
2023-07-25T22:36:45,100,0,26,100
2023-07-25T22:49:14,100,0,26,100
2023-07-25T23:01:43,100,0,26,100
2023-07-25T23:14:13,100,0,26,100
2023-07-25T23:26:43,100,0,26,100
2023-07-25T23:39:13,100,0,26,100
2023-07-25T23:51:42,100,0,26,100
2023-07-26T00:04:12,100,0,26,100
2023-07-26T00:16:47,100,0,26,100
2023-07-26T00:29:19,100,0,26,100
2023-07-26T00:41:52,100,0,26,100
2023-07-26T00:54:25,100,0,26,100
2023-07-26T01:06:59,100,0,26,100
2023-07-26T01:19:41,100,0,26,100
2023-07-26T01:32:15,100,0,26,100
2023-07-26T01:44:48,100,0,26,100
2023-07-26T01:57:25,100,0,26,100
2023-07-26T02:10:00,100,0,26,100
2023-07-26T02:22:34,100,0,26,100
2023-07-26T02:35:08,100,0,26,100
2023-07-26T02:47:39,100,0,26,100
2023-07-26T03:00:10,100,0,26,100
2023-07-26T03:12:44,100,0,26,100
2023-07-26T03:25:16,100,0,26,100
2023-07-26T03:37:47,100,0,26,100
2023-07-26T03:50:20,100,0,26,100
2023-07-26T04:02:53,100,0,26,100
2023-07-26T04:15:26,100,0,26,100
2023-07-26T04:29:36,100,0,26,100
2023-07-26T04:42:12,100,0,26,100
2023-07-26T04:54:46,100,0,26,100
2023-07-26T05:07:21,100,0,26,100
2023-07-26T05:19:53,100,0,26,100
2023-07-26T05:32:25,100,0,26,100
2023-07-26T05:44:57,100,0,26,100
2023-07-26T05:57:30,100,0,26,100
2023-07-26T06:10:02,100,0,26,100
2023-07-26T06:22:33,100,0,26,100
2023-07-26T06:35:04,100,0,26,100
2023-07-26T06:47:36,100,0,26,100
2023-07-26T07:00:07,100,0,26,100
2023-07-26T07:12:40,100,0,26,100
2023-07-26T07:25:08,100,0,26,100
2023-07-26T07:37:37,100,0,26,100
2023-07-26T07:50:08,100,0,26,100
2023-07-26T08:02:40,100,0,26,100
2023-07-26T08:15:12,100,0,26,100
2023-07-26T08:27:43,100,0,26,100
2023-07-26T08:40:14,100,0,26,100
2023-07-26T08:52:56,100,0,26,100
2023-07-26T09:05:25,100,0,26,100
2023-07-26T09:17:54,100,0,26,100
2023-07-26T09:30:23,100,0,26,100
2023-07-26T09:42:52,100,0,26,100
2023-07-26T09:55:22,100,0,26,100
2023-07-26T10:07:51,100,0,26,100
2023-07-26T10:20:20,100,0,26,100
2023-07-26T10:32:48,100,0,26,100
2023-07-26T10:45:18,100,0,26,100
2023-07-26T10:57:57,100,0,26,100
2023-07-26T11:10:26,100,0,26,100
2023-07-26T11:22:55,100,0,26,100
2023-07-26T11:35:24,100,0,26,100
2023-07-26T11:47:53,100,0,26,100
2023-07-26T12:00:22,100,0,26,100
2023-07-26T12:12:51,100,0,26,100
2023-07-26T12:25:20,100,0,26,100
2023-07-26T12:37:49,100,0,26,100
2023-07-26T12:50:18,100,0,26,100
2023-07-26T13:02:59,100,0,26,100
2023-07-26T13:15:28,100,0,26,100
2023-07-26T13:27:56,100,0,26,100
2023-07-26T13:40:25,100,0,26,100
2023-07-26T13:52:54,100,0,26,100
2023-07-26T14:05:33,100,0,26,100
2023-07-26T14:18:02,100,0,26,100
2023-07-26T14:30:30,100,0,26,100
2023-07-26T14:42:59,100,0,26,100
2023-07-26T14:55:28,100,0,26,100
2023-07-26T15:07:57,100,0,26,100
2023-07-26T15:20:26,100,0,26,100
2023-07-26T15:32:55,100,0,26,100
2023-07-26T15:45:36,100,0,26,100
2023-07-26T15:58:04,100,0,26,100
2023-07-26T16:10:33,100,0,26,100
2023-07-26T16:23:02,100,0,26,100
2023-07-26T16:35:31,100,0,26,100
2023-07-26T16:48:00,100,0,26,100
2023-07-26T17:00:28,100,0,26,100
2023-07-26T17:12:58,100,0,26,100
2023-07-26T17:25:27,100,0,26,100
2023-07-26T17:37:56,100,0,26,100
2023-07-26T17:50:36,100,0,26,100
2023-07-26T18:03:04,100,0,26,100
2023-07-26T18:15:33,100,0,26,100
2023-07-26T18:28:02,100,0,26,100
2023-07-26T18:40:31,100,0,26,100
2023-07-26T18:53:00,100,0,26,100
2023-07-26T19:05:29,100,0,26,100
2023-07-26T19:17:58,100,0,26,100
2023-07-26T19:30:27,100,0,26,100
2023-07-26T19:42:56,100,0,26,100
2023-07-26T19:55:25,100,0,26,100
2023-07-26T20:07:54,100,0,26,100
2023-07-26T20:20:34,100,0,26,100
2023-07-26T20:33:03,100,0,26,100
2023-07-26T20:45:31,100,0,26,100
2023-07-26T20:58:01,100,0,26,100
2023-07-26T21:10:30,100,0,26,100
2023-07-26T21:22:58,100,0,26,100
2023-07-26T21:35:27,100,0,26,100
2023-07-26T21:47:56,100,0,26,100
2023-07-26T22:00:25,100,0,26,100
2023-07-26T22:12:54,100,0,26,100
2023-07-26T22:25:23,100,0,26,100
2023-07-26T22:37:52,100,0,26,100
2023-07-26T22:50:20,100,0,26,100
2023-07-26T23:02:49,100,0,26,100
2023-07-26T23:15:29,100,0,26,100
2023-07-26T23:27:59,100,0,26,100
2023-07-26T23:40:28,100,0,26,100
2023-07-26T23:52:58,100,0,26,100
2023-07-27T00:05:27,100,0,26,100
2023-07-27T00:18:00,100,0,26,100
2023-07-27T00:30:33,100,0,26,100
2023-07-27T00:43:06,100,0,26,100
2023-07-27T00:55:39,100,0,26,100
2023-07-27T01:08:12,100,0,26,100
2023-07-27T01:20:45,100,0,26,100
2023-07-27T01:33:17,100,0,26,100
2023-07-27T01:45:50,100,0,26,100
2023-07-27T01:58:23,100,0,26,100
2023-07-27T02:10:54,100,0,26,100
2023-07-27T02:23:35,100,0,26,100
2023-07-27T02:36:06,100,0,26,100
2023-07-27T02:48:35,100,0,26,100
2023-07-27T03:01:04,100,0,26,100
2023-07-27T03:13:35,100,0,26,100
2023-07-27T03:26:06,100,0,26,100
2023-07-27T03:38:37,100,0,26,100
2023-07-27T03:51:08,100,0,26,100
2023-07-27T04:03:40,100,0,26,100
2023-07-27T04:19:05,100,0,26,100
2023-07-27T04:31:40,100,0,26,100
2023-07-27T04:44:14,100,0,26,100
2023-07-27T04:56:47,100,0,26,100
2023-07-27T05:09:20,100,0,26,100
2023-07-27T05:21:52,100,0,26,100
2023-07-27T05:34:26,100,0,26,100
2023-07-27T05:46:59,100,0,26,100
2023-07-27T05:59:30,100,0,26,100
2023-07-27T06:12:02,100,0,26,100
2023-07-27T06:24:34,100,0,26,100
2023-07-27T06:37:06,100,0,26,100
2023-07-27T06:49:38,100,0,26,100
2023-07-27T07:02:09,100,0,26,100
2023-07-27T07:14:49,100,0,26,100
2023-07-27T07:27:20,100,0,26,100
2023-07-27T07:39:51,100,0,26,100
2023-07-27T07:52:21,100,0,26,100
2023-07-27T08:04:53,100,0,26,100
2023-07-27T08:17:23,100,0,26,100
2023-07-27T08:29:54,100,0,26,100
2023-07-27T08:42:26,100,0,26,100
2023-07-27T08:54:56,100,0,26,100
2023-07-27T09:07:27,100,0,26,100
2023-07-27T09:19:57,100,0,26,100
2023-07-27T09:32:28,100,0,26,100
2023-07-27T09:44:58,100,0,26,100
2023-07-27T09:57:29,100,0,26,100
2023-07-27T10:10:08,100,0,26,100
2023-07-27T10:22:37,100,0,27,100
2023-07-27T10:35:06,100,0,27,100
2023-07-27T10:47:35,100,0,27,100
2023-07-27T11:00:04,100,0,27,100
2023-07-27T11:12:33,100,0,27,100
2023-07-27T11:25:01,100,0,27,100
2023-07-27T11:37:30,100,0,27,100
2023-07-27T11:49:59,100,0,27,100
2023-07-27T12:02:30,100,0,27,100
2023-07-27T12:14:59,100,0,27,100
2023-07-27T12:27:39,100,0,27,100
2023-07-27T12:40:07,100,0,27,100
2023-07-27T12:52:36,100,0,27,100
2023-07-27T13:05:05,100,0,27,100
2023-07-27T13:17:33,100,0,27,100
2023-07-27T13:30:02,100,0,27,100
2023-07-27T13:42:30,100,0,27,100
2023-07-27T13:54:59,100,0,27,100
2023-07-27T14:07:37,100,0,27,100
2023-07-27T14:20:59,100,0,27,100
2023-07-27T14:33:28,100,0,27,100
2023-07-27T14:45:56,100,0,27,100
2023-07-27T14:58:25,100,0,27,100
2023-07-27T15:10:53,100,0,27,100
2023-07-27T15:23:22,100,0,27,100
2023-07-27T15:35:50,100,0,27,100
2023-07-27T15:48:19,100,0,27,100
2023-07-27T16:00:47,100,0,27,100
2023-07-27T16:13:26,100,0,27,100
2023-07-27T16:25:55,100,0,27,100
2023-07-27T16:38:24,100,0,27,100
2023-07-27T16:50:53,100,0,27,100
2023-07-27T17:03:22,100,0,27,100
2023-07-27T17:15:52,100,0,27,100
2023-07-27T17:28:21,100,0,27,100
2023-07-27T17:40:50,100,0,27,100
2023-07-27T17:53:19,100,0,27,100
2023-07-27T18:05:48,100,0,27,100
2023-07-27T18:18:29,100,0,27,100
2023-07-27T18:30:58,100,0,27,100
2023-07-27T18:43:29,100,0,27,100
2023-07-27T18:56:08,100,0,27,100
2023-07-27T19:08:47,100,0,27,100
2023-07-27T19:21:16,100,0,27,100
2023-07-27T19:33:45,100,0,27,100
2023-07-27T19:46:14,100,0,27,100
2023-07-27T19:58:43,100,0,27,100
2023-07-27T20:11:12,100,0,27,100
2023-07-27T20:23:41,100,0,27,100
2023-07-27T20:36:19,100,0,27,100
2023-07-27T20:48:47,100,0,27,100
2023-07-27T21:01:16,100,0,27,100
2023-07-27T21:13:45,100,0,27,100
2023-07-27T21:26:14,100,0,27,100
2023-07-27T21:38:43,100,0,27,100
2023-07-27T21:51:12,100,0,27,100
2023-07-27T22:03:41,100,0,27,100
2023-07-27T22:16:21,100,0,27,100
2023-07-27T22:28:50,100,0,27,100
2023-07-27T22:41:19,100,0,27,100
2023-07-27T22:53:48,100,0,27,100
2023-07-27T23:06:18,100,0,27,100
2023-07-27T23:18:48,100,0,27,100
2023-07-27T23:31:18,100,0,27,100
2023-07-27T23:43:47,100,0,27,100
2023-07-27T23:56:17,100,0,27,100
2023-07-28T00:08:48,100,0,27,100
2023-07-28T00:21:23,100,0,27,100
2023-07-28T00:33:55,100,0,27,100
2023-07-28T00:46:28,100,0,27,100
2023-07-28T00:59:01,100,0,27,100
2023-07-28T01:11:46,100,0,27,100
2023-07-28T01:24:18,100,0,27,100
2023-07-28T01:36:53,100,0,27,100
2023-07-28T01:49:27,100,0,27,100
2023-07-28T02:02:04,100,0,27,100
2023-07-28T02:14:49,100,0,27,100
2023-07-28T02:27:22,100,0,27,100
2023-07-28T02:39:55,100,0,27,100
2023-07-28T02:52:27,100,0,27,100
2023-07-28T03:04:59,100,0,27,100
2023-07-28T03:17:31,100,0,27,100
2023-07-28T03:30:03,100,0,27,100
2023-07-28T03:42:35,100,0,27,100
2023-07-28T03:55:07,100,0,27,100
2023-07-28T04:07:39,100,0,27,100
2023-07-28T04:28:54,100,0,27,100
2023-07-28T04:41:30,100,0,27,100
2023-07-28T04:54:04,100,0,27,100
2023-07-28T05:06:39,100,0,27,100
2023-07-28T05:19:11,100,0,27,100
2023-07-28T05:31:43,100,0,27,100
2023-07-28T05:44:15,100,0,27,100
2023-07-28T05:56:48,100,0,27,100
2023-07-28T06:09:20,100,0,27,100
2023-07-28T06:21:51,100,0,27,100
2023-07-28T06:34:23,100,0,27,100
2023-07-28T06:46:55,100,0,27,100
2023-07-28T06:59:26,100,0,27,100
2023-07-28T07:11:58,100,0,27,100
2023-07-28T07:24:29,100,0,27,100
2023-07-28T07:36:59,100,0,27,100
2023-07-28T07:49:28,100,0,27,100
2023-07-28T08:01:56,100,0,27,100
2023-07-28T08:14:28,100,0,27,100
2023-07-28T08:26:57,100,0,27,100
2023-07-28T08:39:26,100,0,27,100
2023-07-28T08:51:54,100,0,27,100
2023-07-28T09:04:32,100,0,27,100
2023-07-28T09:17:01,100,0,27,100
2023-07-28T09:29:31,100,0,27,100
2023-07-28T09:42:01,100,0,28,100
2023-07-28T09:54:30,100,0,28,100
2023-07-28T10:06:59,100,0,28,100
2023-07-28T10:19:28,100,0,28,100
2023-07-28T10:31:57,100,0,28,100
2023-07-28T10:44:27,100,0,28,100
2023-07-28T10:57:05,100,0,28,100
2023-07-28T11:09:34,100,0,28,100
2023-07-28T11:22:03,100,0,28,100
2023-07-28T11:34:32,100,0,28,100
2023-07-28T11:47:01,100,0,28,100
2023-07-28T11:59:29,100,0,28,100
2023-07-28T12:11:58,100,0,28,100
2023-07-28T12:24:27,100,0,28,100
2023-07-28T12:36:56,100,0,28,100
2023-07-28T12:49:38,100,0,28,100
2023-07-28T13:02:06,100,0,28,100
2023-07-28T13:14:35,100,0,28,100
2023-07-28T13:27:04,100,0,28,100
2023-07-28T13:39:34,100,0,28,100
2023-07-28T13:52:03,100,0,28,100
2023-07-28T14:04:32,100,0,28,100
2023-07-28T14:17:02,100,0,28,100
2023-07-28T14:29:32,100,0,28,100
2023-07-28T14:42:11,100,0,28,100
2023-07-28T14:54:41,100,0,28,100
2023-07-28T15:07:25,100,0,28,100
2023-07-28T15:19:55,100,0,28,100
2023-07-28T15:32:24,100,0,28,100
2023-07-28T15:44:54,100,0,28,100
2023-07-28T15:57:23,100,0,28,100
2023-07-28T16:09:52,100,0,28,100
2023-07-28T16:22:22,100,0,28,100
2023-07-28T16:34:52,100,0,28,100
2023-07-28T16:47:21,100,0,28,100
2023-07-28T17:00:02,100,0,28,100
2023-07-28T17:12:32,100,0,28,100
2023-07-28T17:25:04,100,0,28,100
2023-07-28T17:37:34,100,0,28,100
2023-07-28T17:50:03,100,0,28,100
2023-07-28T18:02:33,100,0,28,100
2023-07-28T18:15:03,100,0,28,100
2023-07-28T18:27:33,100,0,28,100
2023-07-28T18:40:03,100,0,28,100
2023-07-28T18:52:32,100,0,28,100
2023-07-28T19:05:03,100,0,28,100
2023-07-28T19:17:32,100,0,28,100
2023-07-28T19:30:02,100,0,28,100
2023-07-28T19:42:42,100,0,28,100
2023-07-28T19:55:12,100,0,28,100
2023-07-28T20:07:42,100,0,28,100
2023-07-28T20:20:12,100,0,28,100
2023-07-28T20:32:41,100,0,28,100
2023-07-28T20:45:11,100,0,28,100
2023-07-28T20:57:40,100,0,28,100
2023-07-28T21:10:10,100,0,28,100
2023-07-28T21:22:40,100,0,28,100
2023-07-28T21:35:10,100,0,28,100
2023-07-28T21:47:39,100,0,28,100
2023-07-28T22:00:09,100,0,28,100
2023-07-28T22:12:38,100,0,28,100
2023-07-28T22:25:18,100,0,28,100
2023-07-28T22:37:48,100,0,28,100
2023-07-28T22:50:17,100,0,28,100
2023-07-28T23:02:47,100,0,28,100
2023-07-28T23:15:18,100,0,28,100
2023-07-28T23:27:49,100,0,28,100
2023-07-28T23:40:19,100,0,28,100
2023-07-28T23:52:49,100,0,28,100
2023-07-29T00:05:20,100,0,28,100
2023-07-29T00:17:56,100,0,28,100
2023-07-29T00:30:30,100,0,28,100
2023-07-29T00:43:04,100,0,28,100
2023-07-29T00:55:38,100,0,28,100
2023-07-29T01:08:12,100,0,28,100
2023-07-29T01:20:45,100,0,28,100
2023-07-29T01:33:31,100,0,28,100
2023-07-29T01:46:06,100,0,28,100
2023-07-29T01:58:39,100,0,28,100
2023-07-29T02:11:09,100,0,28,100
2023-07-29T02:23:39,100,0,28,100
2023-07-29T02:36:10,100,0,28,100
2023-07-29T02:48:39,100,0,28,100
2023-07-29T03:01:09,100,0,28,100
2023-07-29T03:13:41,100,0,28,100
2023-07-29T03:26:13,100,0,28,100
2023-07-29T03:38:45,100,0,28,100
2023-07-29T03:51:19,100,0,28,100
2023-07-29T04:03:53,100,0,28,100
2023-07-29T04:16:28,100,0,28,100
2023-07-29T04:27:09,100,0,28,100
2023-07-29T04:39:45,100,0,28,100
2023-07-29T04:52:19,100,0,28,100
2023-07-29T05:04:53,100,0,28,100
2023-07-29T05:17:24,100,0,28,100
2023-07-29T05:29:56,100,0,28,100
2023-07-29T05:42:25,100,0,28,100
2023-07-29T05:54:55,100,0,28,100
2023-07-29T06:07:26,100,0,28,100
2023-07-29T06:19:56,100,0,28,100
2023-07-29T06:32:26,100,0,28,100
2023-07-29T06:44:56,100,0,28,100
2023-07-29T06:57:26,100,0,28,100
2023-07-29T07:10:00,100,0,28,100
2023-07-29T07:22:39,100,0,28,100
2023-07-29T07:35:13,100,0,28,100
2023-07-29T07:47:46,100,0,28,100
2023-07-29T08:00:19,100,0,28,100
2023-07-29T08:13:03,100,0,28,100
2023-07-29T08:25:36,100,0,28,100
2023-07-29T08:38:09,100,0,28,100
2023-07-29T08:50:42,100,0,28,100
2023-07-29T09:03:16,100,0,28,100
2023-07-29T09:15:48,100,0,28,100
2023-07-29T09:28:20,100,0,28,100
2023-07-29T09:40:53,100,0,28,100
2023-07-29T09:53:26,100,0,28,100
2023-07-29T10:05:59,100,0,28,100
2023-07-29T10:18:32,100,0,28,100
2023-07-29T10:31:04,100,0,28,100
2023-07-29T10:43:37,100,0,28,100
2023-07-29T10:56:20,100,0,27,100
2023-07-29T11:08:53,100,0,27,100
2023-07-29T11:21:25,100,0,27,100
2023-07-29T11:33:58,100,0,27,100
2023-07-29T11:46:32,100,0,27,100
2023-07-29T11:59:05,100,0,27,100
2023-07-29T12:11:39,100,0,27,100
2023-07-29T12:24:12,100,0,27,100
2023-07-29T12:36:44,100,0,27,100
2023-07-29T12:49:17,100,0,27,100
2023-07-29T13:01:50,100,0,27,100
2023-07-29T13:14:21,100,0,27,100
2023-07-29T13:26:51,100,0,27,100
2023-07-29T13:39:20,100,0,27,100
2023-07-29T13:51:49,100,0,27,100
2023-07-29T14:04:29,100,0,27,100
2023-07-29T14:16:59,100,0,27,100
2023-07-29T14:29:28,100,0,27,100
2023-07-29T14:41:58,100,0,27,100
2023-07-29T14:54:28,100,0,27,100
2023-07-29T15:06:58,100,0,27,100
2023-07-29T15:19:27,100,0,27,100
2023-07-29T15:31:56,100,0,27,100
2023-07-29T15:44:25,100,0,27,100
2023-07-29T15:56:56,100,0,27,100
2023-07-29T16:09:26,100,0,27,100
2023-07-29T16:21:55,100,0,27,100
2023-07-29T16:34:24,100,0,27,100
2023-07-29T16:46:54,100,0,27,100
2023-07-29T16:59:23,100,0,27,100
2023-07-29T17:12:03,100,0,27,100
2023-07-29T17:24:33,100,0,27,100
2023-07-29T17:37:03,100,0,27,100
2023-07-29T17:49:33,100,0,27,100
2023-07-29T18:02:03,100,0,27,100
2023-07-29T18:14:32,100,0,27,100
2023-07-29T18:27:03,100,0,27,100
2023-07-29T18:39:32,100,0,27,100
2023-07-29T18:52:02,100,0,27,100
2023-07-29T19:04:32,100,0,27,100
2023-07-29T19:17:02,100,0,27,100
2023-07-29T19:29:33,100,0,27,100
2023-07-29T19:42:03,100,0,27,100
2023-07-29T19:54:32,100,0,27,100
2023-07-29T20:07:02,100,0,27,100
2023-07-29T20:19:41,100,0,27,100
2023-07-29T20:32:11,100,0,27,100
2023-07-29T20:44:41,100,0,27,100
2023-07-29T20:57:11,100,0,27,100
2023-07-29T21:09:41,100,0,27,100
2023-07-29T21:22:12,100,0,27,100
2023-07-29T21:34:42,100,0,27,100
2023-07-29T21:47:11,100,0,27,100
2023-07-29T21:59:42,100,0,27,100
2023-07-29T22:12:11,100,0,27,100
2023-07-29T22:24:41,100,0,27,100
2023-07-29T22:37:11,100,0,27,100
2023-07-29T22:49:40,100,0,27,100
2023-07-29T23:02:10,100,0,27,100
2023-07-29T23:14:50,100,0,27,100
2023-07-29T23:27:20,100,0,27,100
2023-07-29T23:39:49,100,0,27,100
2023-07-29T23:52:20,100,0,27,100
2023-07-30T00:04:50,100,0,27,100
2023-07-30T00:17:24,100,0,27,100
2023-07-30T00:29:57,100,0,27,100
2023-07-30T00:42:30,100,0,27,100
2023-07-30T00:55:04,100,0,27,100
2023-07-30T01:07:37,100,0,27,100
2023-07-30T01:20:09,100,0,27,100
2023-07-30T01:32:42,100,0,27,100
2023-07-30T01:45:15,100,0,27,100
2023-07-30T01:57:48,100,0,27,100
2023-07-30T02:10:40,100,0,27,100
2023-07-30T02:23:15,100,0,27,100
2023-07-30T02:35:50,100,0,27,100
2023-07-30T02:48:33,100,0,27,100
2023-07-30T03:01:05,100,0,27,100
2023-07-30T03:13:38,100,0,27,100
2023-07-30T03:26:11,100,0,27,100
2023-07-30T03:38:45,100,0,27,100
2023-07-30T03:51:18,100,0,27,100
2023-07-30T04:03:52,100,0,27,100
2023-07-30T04:16:23,100,0,27,100
2023-07-30T04:28:59,100,0,27,100
2023-07-30T04:41:34,100,0,27,100
2023-07-30T04:54:08,100,0,27,100
2023-07-30T05:06:43,100,0,27,100
2023-07-30T05:19:16,100,0,27,100
2023-07-30T05:31:50,100,0,27,100
2023-07-30T05:44:24,100,0,27,100
2023-07-30T05:56:57,100,0,27,100
2023-07-30T06:09:30,100,0,27,100
2023-07-30T06:22:04,100,0,27,100
2023-07-30T06:35:04,100,0,27,100
2023-07-30T06:48:47,100,0,27,100
2023-07-30T07:01:19,100,0,27,100
2023-07-30T07:13:49,100,0,27,100
2023-07-30T07:26:19,100,0,27,100
2023-07-30T07:38:50,100,0,27,100
2023-07-30T07:51:20,100,0,27,100
2023-07-30T08:03:50,100,0,27,100
2023-07-30T08:16:20,100,0,27,100
2023-07-30T08:28:52,100,0,27,100
2023-07-30T08:41:35,100,0,27,100
2023-07-30T08:54:05,100,0,27,100
2023-07-30T09:06:34,100,0,27,100
2023-07-30T09:19:04,100,0,27,100
2023-07-30T09:31:33,100,0,27,100
2023-07-30T09:44:07,100,0,27,100
2023-07-30T09:56:37,100,0,27,100
2023-07-30T10:09:06,100,0,27,100
2023-07-30T10:21:36,100,0,27,100
2023-07-30T10:34:06,100,0,27,100
2023-07-30T10:46:36,100,0,27,100
2023-07-30T10:59:06,100,0,27,100
2023-07-30T11:11:35,100,0,27,100
2023-07-30T11:24:05,100,0,27,100
2023-07-30T11:36:35,100,0,27,100
2023-07-30T11:49:06,100,0,27,100
2023-07-30T12:01:36,100,0,27,100
2023-07-30T12:14:16,100,0,27,100
2023-07-30T12:26:46,100,0,27,100
2023-07-30T12:39:16,100,0,27,100
2023-07-30T12:51:46,100,0,27,100
2023-07-30T13:04:16,100,0,27,100
2023-07-30T13:16:46,100,0,27,100
2023-07-30T13:29:16,100,0,27,100
2023-07-30T13:41:47,100,0,27,100
2023-07-30T13:54:16,100,0,27,100
2023-07-30T14:06:46,100,0,27,100
2023-07-30T14:19:16,100,0,27,100
2023-07-30T14:31:46,100,0,27,100
2023-07-30T14:44:16,100,0,27,100
2023-07-30T14:56:56,100,0,27,100
2023-07-30T15:09:26,100,0,27,100
2023-07-30T15:21:55,100,0,27,100
2023-07-30T15:34:25,100,0,27,100
2023-07-30T15:46:54,100,0,27,100
2023-07-30T15:59:24,100,0,27,100
2023-07-30T16:11:55,100,0,27,100
2023-07-30T16:24:26,100,0,27,100
2023-07-30T16:36:57,100,0,27,100
2023-07-30T16:49:27,100,0,27,100
2023-07-30T17:01:57,100,0,27,100
2023-07-30T17:14:29,100,0,27,100
2023-07-30T17:26:59,100,0,27,100
2023-07-30T17:39:28,100,0,27,100
2023-07-30T17:51:58,100,0,27,100
2023-07-30T18:04:36,100,0,27,100
2023-07-30T18:17:06,100,0,27,100
2023-07-30T18:29:36,100,0,27,100
2023-07-30T18:42:05,100,0,27,100
2023-07-30T18:54:35,100,0,27,100
2023-07-30T19:07:07,100,0,27,100
2023-07-30T19:19:38,100,0,27,100
2023-07-30T19:32:09,100,0,27,100
2023-07-30T19:44:49,100,0,27,100
2023-07-30T19:57:18,100,0,27,100
2023-07-30T20:09:47,100,0,27,100
2023-07-30T20:22:17,100,0,27,100
2023-07-30T20:34:47,100,0,27,100
2023-07-30T20:47:16,100,0,27,100
2023-07-30T20:59:45,100,0,27,100
2023-07-30T21:12:16,100,0,27,100
2023-07-30T21:24:45,100,0,27,100
2023-07-30T21:37:16,100,0,27,100
2023-07-30T21:49:45,100,0,27,100
2023-07-30T22:02:14,100,0,27,100
2023-07-30T22:14:45,100,0,27,100
2023-07-30T22:27:24,100,0,27,100
2023-07-30T22:39:54,100,0,27,100
2023-07-30T22:52:24,100,0,27,100
2023-07-30T23:04:54,100,0,27,100
2023-07-30T23:17:26,100,0,27,100
2023-07-30T23:29:55,100,0,27,100
2023-07-30T23:42:27,100,0,27,100
2023-07-30T23:54:56,100,0,27,100
2023-07-31T00:07:29,100,0,27,100
2023-07-31T00:20:14,100,0,27,100
2023-07-31T00:33:05,100,0,27,100
2023-07-31T00:45:57,100,0,27,100
2023-07-31T00:58:35,100,0,27,100
2023-07-31T01:11:07,100,0,27,100
2023-07-31T01:23:40,100,0,27,100
2023-07-31T01:36:14,100,0,27,100
2023-07-31T01:48:46,100,0,27,100
2023-07-31T02:01:19,100,0,27,100
2023-07-31T02:14:03,100,0,27,100
2023-07-31T02:26:35,100,0,27,100
2023-07-31T02:39:09,100,0,27,100
2023-07-31T02:51:41,100,0,27,100
2023-07-31T03:04:13,100,0,27,100
2023-07-31T03:16:46,100,0,27,100
2023-07-31T03:29:20,100,0,27,100
2023-07-31T03:41:54,100,0,27,100
2023-07-31T03:54:28,100,0,27,100
2023-07-31T04:17:33,100,0,27,100
2023-07-31T04:30:13,100,0,27,100
2023-07-31T04:42:47,100,0,27,100
2023-07-31T04:55:21,100,0,27,100
2023-07-31T05:07:58,100,0,27,100
2023-07-31T05:20:31,100,0,27,100
2023-07-31T05:33:05,100,0,27,100
2023-07-31T05:45:38,100,0,27,100
2023-07-31T05:58:13,100,0,27,100
2023-07-31T06:10:46,100,0,27,100
2023-07-31T06:23:18,100,0,27,100
2023-07-31T06:36:02,100,0,27,100
2023-07-31T06:48:34,100,0,27,100
2023-07-31T07:01:06,100,0,27,100
2023-07-31T07:13:39,100,0,27,100
2023-07-31T07:26:08,100,0,27,100
2023-07-31T07:38:38,100,0,27,100
2023-07-31T07:51:10,100,0,27,100
2023-07-31T08:03:40,100,0,27,100
2023-07-31T08:16:09,100,0,27,100
2023-07-31T08:28:41,100,0,27,100
2023-07-31T08:42:31,100,0,27,100
2023-07-31T08:55:01,100,0,27,100
2023-07-31T09:07:30,100,0,27,100
2023-07-31T09:20:00,100,0,27,100
2023-07-31T09:32:30,100,0,27,100
2023-07-31T09:45:07,100,0,27,100
2023-07-31T09:57:37,100,0,27,100
2023-07-31T10:10:06,100,0,27,100
2023-07-31T10:22:36,100,0,27,100
2023-07-31T10:35:06,100,0,27,100
2023-07-31T10:47:47,100,0,27,100
2023-07-31T11:00:18,100,0,27,100
2023-07-31T11:13:49,100,0,27,100
2023-07-31T11:26:19,100,0,27,100
2023-07-31T11:45:48,100,0,27,100
2023-07-31T11:58:18,100,0,27,100
2023-07-31T12:10:48,100,0,27,100
2023-07-31T12:23:17,100,0,27,100
2023-07-31T12:35:58,100,0,27,100
2023-07-31T12:48:29,100,0,27,100
2023-07-31T13:00:58,100,0,27,100
2023-07-31T13:13:28,100,0,27,100
2023-07-31T13:25:58,100,0,27,100
2023-07-31T13:38:27,100,0,27,100
2023-07-31T13:50:56,100,0,27,100
2023-07-31T14:03:26,100,0,27,100
2023-07-31T14:16:07,100,0,27,100
2023-07-31T14:28:37,100,0,27,100
2023-07-31T14:41:07,100,0,27,100
2023-07-31T14:53:38,100,0,27,100
2023-07-31T15:06:12,100,0,27,100
2023-07-31T15:18:45,100,0,27,100
2023-07-31T15:31:18,99,1,27,100
2023-07-31T15:43:52,99,1,27,100
2023-07-31T15:56:38,99,1,27,100
2023-07-31T16:09:12,99,1,27,100
2023-07-31T16:21:45,99,1,27,100
2023-07-31T16:34:19,99,1,27,100
2023-07-31T16:46:53,99,1,27,100
2023-07-31T16:59:26,99,1,27,100
2023-07-31T17:12:01,99,1,27,100
2023-07-31T17:24:36,99,1,27,100
2023-07-31T17:37:19,99,1,27,100
2023-07-31T17:49:54,99,1,27,100
2023-07-31T18:02:28,99,1,27,100
2023-07-31T18:15:02,99,1,27,100
2023-07-31T18:27:37,99,1,27,100
2023-07-31T18:40:12,99,1,27,100
2023-07-31T18:52:46,99,1,27,100
2023-07-31T19:05:21,99,1,27,100
2023-07-31T19:17:55,99,1,27,100
2023-07-31T19:30:30,99,1,27,100
2023-07-31T19:43:03,99,1,27,100
2023-07-31T19:55:47,99,1,27,100
2023-07-31T20:08:22,99,1,27,100
2023-07-31T20:20:55,99,1,27,100
2023-07-31T20:33:29,99,1,27,100
2023-07-31T20:46:03,99,1,27,100
2023-07-31T20:58:36,99,1,27,100
2023-07-31T21:11:11,99,1,27,100
2023-07-31T21:23:44,99,1,27,100
2023-07-31T21:36:17,99,1,27,100
2023-07-31T21:48:51,99,1,27,100
2023-07-31T22:01:35,99,1,27,100
2023-07-31T22:14:09,99,1,27,100
2023-07-31T22:26:42,99,1,27,100
2023-07-31T22:39:16,99,1,27,100
2023-07-31T22:51:49,99,1,27,100
2023-07-31T23:04:23,99,1,27,100
2023-07-31T23:16:59,99,1,27,100
2023-07-31T23:29:34,99,1,27,100
2023-07-31T23:42:09,99,1,27,100
2023-07-31T23:54:43,99,1,27,100
2023-08-01T00:07:29,99,1,27,100
2023-08-01T00:20:07,99,1,27,100
2023-08-01T00:32:44,99,1,27,100
2023-08-01T00:45:23,99,1,27,100
2023-08-01T00:58:02,99,1,27,100
2023-08-01T01:10:38,99,1,27,100
2023-08-01T01:23:15,99,1,27,100
2023-08-01T01:35:55,99,1,27,100
2023-08-01T01:48:32,99,1,27,100
2023-08-01T02:01:10,99,1,27,100
2023-08-01T02:13:48,99,1,27,100
2023-08-01T02:26:25,99,1,27,100
2023-08-01T02:39:02,99,1,27,100
2023-08-01T02:51:37,99,1,27,100
2023-08-01T03:04:12,99,1,27,100
2023-08-01T03:16:49,99,1,27,100
2023-08-01T03:29:26,99,1,27,100
2023-08-01T03:42:02,99,1,27,100
2023-08-01T03:54:51,99,1,27,100
2023-08-01T04:07:28,99,1,27,100
2023-08-01T04:26:45,99,1,27,100
2023-08-01T04:39:24,99,1,27,100
2023-08-01T04:52:03,99,1,27,100
2023-08-01T05:04:41,99,1,27,100
2023-08-01T05:17:15,99,1,27,100
2023-08-01T05:29:48,99,1,27,100
2023-08-01T05:42:23,99,1,27,100
2023-08-01T05:55:20,99,1,27,100
2023-08-01T06:07:56,99,1,27,100
2023-08-01T06:20:36,99,1,27,100
2023-08-01T06:33:13,99,1,27,100
2023-08-01T06:45:49,99,1,27,100
2023-08-01T06:58:26,99,1,27,100
2023-08-01T07:11:04,99,1,27,100
2023-08-01T07:23:40,99,1,27,100
2023-08-01T07:36:15,99,1,27,100
2023-08-01T07:48:50,99,1,27,100
2023-08-01T08:01:24,100,0,26,100
2023-08-01T08:14:00,100,0,26,100
2023-08-01T08:26:36,100,0,26,100
2023-08-01T08:39:12,100,0,26,100
2023-08-01T08:51:58,100,0,26,100
2023-08-01T09:04:34,100,0,26,100
2023-08-01T09:17:09,100,0,26,100
2023-08-01T09:29:46,100,0,26,100
2023-08-01T09:42:22,100,0,26,100
2023-08-01T09:54:57,100,0,26,100
2023-08-01T10:07:32,100,0,26,100
2023-08-01T10:20:08,100,0,26,100
2023-08-01T10:32:45,100,0,26,100
2023-08-01T10:45:20,100,0,26,100
2023-08-01T10:57:55,100,0,26,100
2023-08-01T11:10:30,100,0,26,100
2023-08-01T11:23:16,100,0,26,100
2023-08-01T11:35:52,100,0,26,100
2023-08-01T11:48:27,100,0,26,100
2023-08-01T12:01:01,100,0,26,100
2023-08-01T12:13:35,100,0,26,100
2023-08-01T12:26:09,100,0,26,100
2023-08-01T12:38:44,100,0,26,100
2023-08-01T12:51:18,100,0,26,100
2023-08-01T13:03:59,100,0,26,100
2023-08-01T13:16:34,100,0,26,100
2023-08-01T13:29:18,100,0,26,100
2023-08-01T13:41:52,100,0,26,100
2023-08-01T13:54:26,100,0,26,100
2023-08-01T14:07:01,100,0,26,100
2023-08-01T14:19:36,100,0,26,100
2023-08-01T14:32:11,100,0,26,100
2023-08-01T14:44:45,100,0,26,100
2023-08-01T14:57:21,100,0,26,100
2023-08-01T15:09:55,100,0,26,100
2023-08-01T15:22:29,100,0,26,100
2023-08-01T15:35:14,100,0,26,100
2023-08-01T15:47:49,100,0,26,100
2023-08-01T16:00:22,100,0,26,100
2023-08-01T16:12:57,100,0,26,100
2023-08-01T16:25:32,100,0,26,100
2023-08-01T16:38:06,100,0,26,100
2023-08-01T16:50:41,100,0,26,100
2023-08-01T17:03:15,100,0,26,100
2023-08-01T17:15:51,100,0,26,100
2023-08-01T17:28:27,100,0,26,100
2023-08-01T17:41:02,100,0,26,100
2023-08-01T17:53:46,100,0,26,100
2023-08-01T18:06:21,100,0,26,100
2023-08-01T18:18:55,100,0,26,100
2023-08-01T18:31:30,100,0,26,100
2023-08-01T18:44:05,100,0,26,100
2023-08-01T18:56:39,100,0,26,100
2023-08-01T19:09:14,100,0,26,100
2023-08-01T19:21:48,100,0,26,100
2023-08-01T19:34:23,100,0,26,100
2023-08-01T19:46:57,100,0,26,100
2023-08-01T19:59:31,100,0,26,100
2023-08-01T20:12:07,100,0,26,100
2023-08-01T20:24:43,100,0,26,100
2023-08-01T20:37:27,100,0,26,100
2023-08-01T20:50:02,100,0,26,100
2023-08-01T21:02:37,100,0,26,100
2023-08-01T21:15:11,100,0,26,100
2023-08-01T21:27:45,100,0,26,100
2023-08-01T21:40:21,100,0,26,100
2023-08-01T21:52:55,100,0,26,100
2023-08-01T22:05:29,100,0,26,100
2023-08-01T22:18:04,100,0,26,100
2023-08-01T22:30:39,100,0,26,100
2023-08-01T22:43:13,100,0,26,100
2023-08-01T22:55:48,100,0,26,100
2023-08-01T23:08:24,100,0,26,100
2023-08-01T23:21:09,100,0,26,100
2023-08-01T23:33:45,100,0,26,100
2023-08-01T23:46:19,100,0,26,100
2023-08-01T23:58:54,100,0,26,100
2023-08-02T00:11:30,100,0,26,100
2023-08-02T00:24:11,100,0,26,100
2023-08-02T00:36:48,100,0,26,100
2023-08-02T00:49:26,100,0,26,100
2023-08-02T01:02:05,100,0,26,100
2023-08-02T01:14:44,100,0,26,100
2023-08-02T01:27:22,100,0,26,100
2023-08-02T01:40:01,100,0,26,100
2023-08-02T01:52:41,100,0,26,100
2023-08-02T02:05:21,100,0,26,100
2023-08-02T02:17:58,100,0,26,100
2023-08-02T02:30:36,100,0,26,100
2023-08-02T02:43:13,100,0,26,100
2023-08-02T02:55:50,100,0,26,100
2023-08-02T03:08:28,100,0,26,100
2023-08-02T03:21:07,100,0,26,100
2023-08-02T03:33:45,100,0,26,100
2023-08-02T03:46:23,100,0,26,100
2023-08-02T03:59:10,100,0,26,100
2023-08-02T04:11:48,100,0,26,100
2023-08-02T04:24:07,100,0,26,100
2023-08-02T04:36:47,100,0,26,100
2023-08-02T04:49:36,100,0,26,100
2023-08-02T05:02:23,100,0,26,100
2023-08-02T05:15:23,100,0,26,100
2023-08-02T05:28:00,100,0,26,100
2023-08-02T05:40:38,100,0,26,100
2023-08-02T05:53:15,100,0,26,100
2023-08-02T06:05:52,100,0,26,100
2023-08-02T06:18:30,100,0,26,100
2023-08-02T06:31:09,100,0,26,100
2023-08-02T06:43:46,100,0,26,100
2023-08-02T06:56:25,100,0,26,100
2023-08-02T07:09:12,100,0,26,100
2023-08-02T07:21:50,100,0,26,100
2023-08-02T07:34:27,100,0,26,100
2023-08-02T07:47:06,100,0,26,100
2023-08-02T07:59:44,100,0,26,100
2023-08-02T08:12:22,100,0,26,100
2023-08-02T08:24:59,100,0,26,100
2023-08-02T08:37:36,100,0,26,100
2023-08-02T08:50:15,100,0,26,100
2023-08-02T09:02:52,100,0,26,100
2023-08-02T09:15:28,100,0,26,100
2023-08-02T09:28:05,100,0,26,100
2023-08-02T09:40:42,100,0,26,100
2023-08-02T09:53:30,100,0,26,100
2023-08-02T10:06:11,100,0,26,100
2023-08-02T10:18:46,100,0,26,100
2023-08-02T10:31:22,100,0,26,100
2023-08-02T10:43:57,100,0,26,100
2023-08-02T10:56:32,100,0,26,100
2023-08-02T11:09:08,100,0,26,100
2023-08-02T11:22:00,100,0,26,100
2023-08-02T11:34:36,100,0,26,100
2023-08-02T11:47:11,100,0,26,100
2023-08-02T11:59:47,100,0,26,100
2023-08-02T12:12:22,100,0,26,100
2023-08-02T12:24:57,100,0,26,100
2023-08-02T12:37:32,100,0,26,100
2023-08-02T12:50:17,100,0,27,100
2023-08-02T13:02:52,100,0,27,100
2023-08-02T13:15:28,100,0,27,100
2023-08-02T13:28:04,100,0,27,100
2023-08-02T13:40:40,100,0,27,100
2023-08-02T13:53:15,100,0,26,100
2023-08-02T14:05:51,100,0,26,100
2023-08-02T14:18:52,100,0,26,100
2023-08-02T14:31:27,100,0,26,100
2023-08-02T14:44:03,100,0,26,100
2023-08-02T14:56:38,100,0,26,100
2023-08-02T15:09:14,100,0,26,100
2023-08-02T15:21:50,100,0,26,100
2023-08-02T15:34:27,100,0,26,100
2023-08-02T15:47:02,100,0,26,100
2023-08-02T15:59:46,100,0,26,100
2023-08-02T16:12:21,100,0,26,100
2023-08-02T16:24:58,100,0,26,100
2023-08-02T16:37:33,100,0,26,100
2023-08-02T16:50:09,100,0,26,100
2023-08-02T17:02:44,100,0,26,100
2023-08-02T17:15:21,100,0,26,100
2023-08-02T17:27:56,100,0,26,100
2023-08-02T17:40:31,100,0,26,100
2023-08-02T17:53:06,100,0,26,100
2023-08-02T18:05:52,100,0,26,100
2023-08-02T18:18:28,100,0,26,100
2023-08-02T18:31:03,100,0,26,100
2023-08-02T18:43:38,100,0,26,100
2023-08-02T18:56:13,100,0,26,100
2023-08-02T19:08:49,100,0,26,100
2023-08-02T19:21:35,100,0,26,100
2023-08-02T19:34:10,100,0,26,100
2023-08-02T19:46:45,100,0,26,100
2023-08-02T19:59:21,100,0,26,100
2023-08-02T20:11:56,100,0,26,100
2023-08-02T20:24:31,100,0,26,100
2023-08-02T20:37:06,100,0,26,100
2023-08-02T20:49:41,100,0,26,100
2023-08-02T21:02:16,100,0,26,100
2023-08-02T21:15:02,100,0,26,100
2023-08-02T21:27:37,100,0,26,100
2023-08-02T21:40:12,100,0,26,100
2023-08-02T21:52:48,100,0,26,100
2023-08-02T22:05:23,100,0,26,100
2023-08-02T22:17:58,100,0,26,100
2023-08-02T22:30:34,100,0,26,100
2023-08-02T22:43:09,100,0,26,100
2023-08-02T22:55:45,100,0,26,100
2023-08-02T23:08:23,100,0,26,100
2023-08-02T23:21:09,100,0,26,100
2023-08-02T23:33:46,100,0,26,100
2023-08-02T23:46:21,100,0,26,100
2023-08-02T23:58:56,100,0,26,100
2023-08-03T00:11:34,100,0,26,100
2023-08-03T00:24:19,100,0,26,100
2023-08-03T00:36:59,100,0,26,100
2023-08-03T00:49:39,100,0,26,100
2023-08-03T01:02:21,100,0,26,100
2023-08-03T01:15:00,100,0,26,100
2023-08-03T01:27:39,100,0,26,100
2023-08-03T01:40:19,100,0,26,100
2023-08-03T01:53:00,100,0,26,100
2023-08-03T02:05:40,100,0,26,100
2023-08-03T02:18:17,100,0,26,100
2023-08-03T02:31:03,100,0,26,100
2023-08-03T02:43:39,100,0,26,100
2023-08-03T02:56:15,100,0,26,100
2023-08-03T03:08:51,100,0,26,100
2023-08-03T03:21:28,100,0,26,100
2023-08-03T03:34:06,100,0,26,100
2023-08-03T03:46:44,100,0,26,100
2023-08-03T03:59:22,100,0,26,100
2023-08-03T04:21:18,100,0,26,100
2023-08-03T04:34:02,100,0,26,100
2023-08-03T04:46:41,100,0,26,100
2023-08-03T04:59:20,100,0,26,100
2023-08-03T05:11:57,100,0,26,100
2023-08-03T05:24:33,100,0,26,100
2023-08-03T05:37:29,100,0,26,100
2023-08-03T05:50:09,100,0,26,100
2023-08-03T06:02:49,100,0,26,100
2023-08-03T06:15:28,100,0,26,100
2023-08-03T06:28:07,100,0,26,100
2023-08-03T06:40:45,100,0,26,100
2023-08-03T06:53:24,100,0,26,100
2023-08-03T07:06:03,100,0,26,100
2023-08-03T07:18:40,100,0,26,100
2023-08-03T07:31:17,100,0,26,100
2023-08-03T07:43:53,100,0,26,100
2023-08-03T07:56:29,100,0,26,100
2023-08-03T08:09:21,100,0,26,100
2023-08-03T08:21:59,100,0,26,100
2023-08-03T08:34:37,100,0,26,100
2023-08-03T08:47:15,100,0,26,100
2023-08-03T08:59:52,100,0,26,100
2023-08-03T09:12:29,100,0,26,100
2023-08-03T09:25:06,100,0,26,100
2023-08-03T09:37:43,100,0,26,100
2023-08-03T09:50:22,100,0,26,100
2023-08-03T10:03:00,100,0,26,100
2023-08-03T10:15:39,100,0,26,100
2023-08-03T10:28:25,100,0,26,100
2023-08-03T10:41:02,100,0,26,100
2023-08-03T10:53:38,100,0,26,100
2023-08-03T11:06:15,100,0,26,100
2023-08-03T11:18:51,100,0,26,100
2023-08-03T11:31:28,100,0,26,100
2023-08-03T11:44:03,100,0,26,100
2023-08-03T11:56:40,100,0,26,100
2023-08-03T12:09:36,100,0,26,100
2023-08-03T12:22:13,100,0,26,100
2023-08-03T12:34:49,100,0,26,100
2023-08-03T12:47:25,100,0,26,100
2023-08-03T13:00:01,100,0,26,100
2023-08-03T13:12:36,100,0,26,100
2023-08-03T13:25:12,100,0,26,100
2023-08-03T13:37:49,100,0,26,100
2023-08-03T13:50:25,100,0,26,100
2023-08-03T14:03:19,100,0,26,100
2023-08-03T14:15:56,100,0,26,100
2023-08-03T14:28:32,100,0,26,100
2023-08-03T14:41:09,100,0,26,100
2023-08-03T14:53:45,100,0,26,100
2023-08-03T15:06:22,100,0,26,100
2023-08-03T15:18:57,100,0,26,100
2023-08-03T15:31:33,100,0,26,100
2023-08-03T15:44:19,100,0,26,100
2023-08-03T15:56:55,100,0,26,100
2023-08-03T16:09:31,100,0,26,100
2023-08-03T16:22:06,100,0,26,100
2023-08-03T16:34:43,100,0,26,100
2023-08-03T16:47:20,100,0,26,100
2023-08-03T16:59:56,100,0,26,100
2023-08-03T17:12:46,100,0,26,100
2023-08-03T17:25:22,100,0,26,100
2023-08-03T17:37:59,100,0,26,100
2023-08-03T17:50:36,100,0,26,100
2023-08-03T18:03:12,100,0,26,100
2023-08-03T18:15:48,100,0,26,100
2023-08-03T18:28:34,100,0,26,100
2023-08-03T18:41:10,100,0,26,100
2023-08-03T18:53:45,100,0,26,100
2023-08-03T19:06:21,100,0,26,100
2023-08-03T19:18:58,100,0,26,100
2023-08-03T19:31:35,100,0,26,100
2023-08-03T19:44:23,100,0,26,100
2023-08-03T19:56:59,100,0,26,100
2023-08-03T20:09:34,100,0,26,100
2023-08-03T20:22:10,100,0,26,100
2023-08-03T20:34:45,100,0,26,100
2023-08-03T20:47:22,100,0,26,100
2023-08-03T21:00:18,100,0,26,100
2023-08-03T21:12:55,100,0,26,100
2023-08-03T21:25:31,100,0,26,100
2023-08-03T21:38:08,100,0,26,100
2023-08-03T21:50:43,100,0,26,100
2023-08-03T22:03:29,100,0,26,100
2023-08-03T22:16:05,100,0,26,100
2023-08-03T22:28:41,100,0,26,100
2023-08-03T22:41:18,100,0,26,100
2023-08-03T22:53:53,100,0,26,100
2023-08-03T23:06:31,100,0,26,100
2023-08-03T23:19:08,100,0,26,100
2023-08-03T23:31:44,100,0,26,100
2023-08-03T23:44:32,100,0,26,100
2023-08-04T00:00:08,100,0,26,100
2023-08-04T00:12:50,100,0,26,100
2023-08-04T00:25:31,100,0,26,100
2023-08-04T00:38:10,100,0,26,100
2023-08-04T00:50:51,100,0,26,100
2023-08-04T01:03:31,100,0,26,100
2023-08-04T01:16:11,100,0,26,100
2023-08-04T01:29:03,100,0,26,100
2023-08-04T01:42:05,100,0,26,100
2023-08-04T01:55:13,100,0,26,100
2023-08-04T02:07:51,100,0,26,100
2023-08-04T02:20:46,100,0,26,100
2023-08-04T02:33:23,100,0,26,100
2023-08-04T02:45:59,100,0,26,100
2023-08-04T02:58:35,100,0,26,100
2023-08-04T03:11:11,100,0,26,100
2023-08-04T03:23:46,100,0,26,100
2023-08-04T03:36:21,100,0,26,100
2023-08-04T03:49:06,100,0,26,100
2023-08-04T04:01:42,100,0,26,100
2023-08-04T04:14:18,100,0,26,100
2023-08-04T04:27:07,100,0,26,100
2023-08-04T04:39:46,100,0,26,100
2023-08-04T04:52:24,100,0,26,100
2023-08-04T05:05:01,100,0,26,100
2023-08-04T05:17:39,100,0,26,100
2023-08-04T05:30:18,100,0,26,100
2023-08-04T05:42:59,100,0,26,100
2023-08-04T05:55:51,100,0,26,100
2023-08-04T06:08:33,100,0,26,100
2023-08-04T06:21:15,100,0,26,100
2023-08-04T06:33:56,100,0,26,100
2023-08-04T06:46:35,100,0,26,100
2023-08-04T06:59:15,100,0,26,100
2023-08-04T07:11:55,100,0,26,100
2023-08-04T07:24:35,100,0,26,100
2023-08-04T07:37:27,100,0,26,100
2023-08-04T07:50:06,100,0,26,100
2023-08-04T08:02:46,100,0,26,100
2023-08-04T08:15:24,100,0,26,100
2023-08-04T08:28:03,100,0,26,100
2023-08-04T08:40:41,100,0,26,100
2023-08-04T08:53:20,100,0,26,100
2023-08-04T09:05:58,100,0,26,100
2023-08-04T09:18:35,100,0,26,100
2023-08-04T09:31:13,100,0,26,100
2023-08-04T09:43:50,100,0,26,100
2023-08-04T09:56:28,100,0,26,100
2023-08-04T10:09:06,100,0,26,100
2023-08-04T10:21:43,100,0,26,100
2023-08-04T10:34:21,100,0,26,100
2023-08-04T10:47:10,99,1,26,100
2023-08-04T10:59:47,99,1,26,100
2023-08-04T11:12:25,99,1,26,100
2023-08-04T11:25:02,99,1,26,100
2023-08-04T11:37:39,99,1,26,100
2023-08-04T11:50:15,99,1,26,100
2023-08-04T12:02:51,99,1,26,100
2023-08-04T12:15:27,99,1,26,100
2023-08-04T12:28:03,99,1,26,100
2023-08-04T12:40:59,99,1,26,100
2023-08-04T12:53:37,99,1,26,100
2023-08-04T13:06:13,99,1,26,100
2023-08-04T13:18:48,99,1,26,100
2023-08-04T13:31:24,99,1,26,100
2023-08-04T13:44:03,99,1,26,100
2023-08-04T13:56:38,99,1,26,100
2023-08-04T14:09:14,99,1,26,100
2023-08-04T14:21:52,99,1,26,100
2023-08-04T14:34:40,99,1,26,100
2023-08-04T14:47:16,99,1,26,100
2023-08-04T14:59:53,99,1,26,100
2023-08-04T15:12:47,99,1,26,100
2023-08-04T15:25:31,99,1,26,100
2023-08-04T15:38:07,99,1,26,100
2023-08-04T15:50:42,99,1,26,100
2023-08-04T16:03:18,99,1,26,100
2023-08-04T16:15:53,99,1,26,100
2023-08-04T16:28:41,99,1,26,100
2023-08-04T16:41:17,99,1,26,100
2023-08-04T16:53:53,99,1,26,100
2023-08-04T17:06:29,99,1,26,100
2023-08-04T17:19:06,99,1,26,100
2023-08-04T17:31:41,99,1,26,100
2023-08-04T17:44:17,99,1,26,100
2023-08-04T17:56:52,99,1,26,100
2023-08-04T18:09:28,99,1,26,100
2023-08-04T18:22:03,99,1,26,100
2023-08-04T18:34:39,99,1,26,100
2023-08-04T18:47:33,99,1,26,100
2023-08-04T19:00:08,99,1,26,100
2023-08-04T19:12:44,99,1,26,100
2023-08-04T19:25:19,99,1,26,100
2023-08-04T19:37:55,99,1,26,100
2023-08-04T19:50:31,99,1,26,100
2023-08-04T20:03:08,99,1,26,100
2023-08-04T20:15:43,99,1,26,100
2023-08-04T20:28:18,99,1,26,100
2023-08-04T20:40:54,99,1,26,100
2023-08-04T20:53:41,99,1,26,100
2023-08-04T21:06:17,99,1,26,100
2023-08-04T21:18:52,99,1,26,100
2023-08-04T21:31:28,99,1,26,100
2023-08-04T21:44:03,99,1,26,100
2023-08-04T21:56:39,99,1,26,100
2023-08-04T22:09:14,99,1,26,100
2023-08-04T22:21:50,99,1,26,100
2023-08-04T22:34:26,100,0,25,100
2023-08-04T22:47:01,100,0,25,100
2023-08-04T22:59:37,100,0,25,100
2023-08-04T23:12:16,100,0,25,100
2023-08-04T23:24:52,100,0,25,100
2023-08-04T23:37:37,100,0,25,100
2023-08-04T23:50:14,100,0,25,100
2023-08-05T00:02:51,100,0,25,100
2023-08-05T00:15:33,100,0,25,100
2023-08-05T00:28:13,100,0,25,100
2023-08-05T00:40:53,100,0,25,100
2023-08-05T00:53:34,100,0,25,100
2023-08-05T01:06:14,100,0,25,100
2023-08-05T01:18:53,100,0,25,100
2023-08-05T01:31:34,100,0,25,100
2023-08-05T01:44:15,100,0,25,100
2023-08-05T01:56:57,100,0,25,100
2023-08-05T02:09:34,100,0,25,100
2023-08-05T02:22:11,100,0,25,100
2023-08-05T02:34:52,100,0,25,100
2023-08-05T02:47:47,100,0,26,100
2023-08-05T03:00:22,100,0,26,100
2023-08-05T03:12:59,100,0,26,100
2023-08-05T03:25:38,100,0,26,100
2023-08-05T03:38:16,100,0,26,100
2023-08-05T03:50:54,100,0,26,100
2023-08-05T04:03:33,100,0,26,100
2023-08-05T04:24:40,100,0,26,100
2023-08-05T04:37:22,100,0,26,100
2023-08-05T04:50:02,100,0,26,100
2023-08-05T05:02:41,100,0,26,100
2023-08-05T05:15:17,100,0,26,100
2023-08-05T05:27:51,100,0,26,100
2023-08-05T05:40:30,100,0,26,100
2023-08-05T05:53:30,100,0,26,100
2023-08-05T06:06:11,100,0,26,100
2023-08-05T06:18:50,100,0,26,100
2023-08-05T06:31:28,100,0,26,100
2023-08-05T06:44:08,100,0,26,100
2023-08-05T06:56:47,100,0,26,100
2023-08-05T07:09:26,100,0,26,100
2023-08-05T07:22:04,100,0,26,100
2023-08-05T07:34:43,100,0,26,100
2023-08-05T07:47:23,100,0,26,100
2023-08-05T08:00:03,100,0,26,100
2023-08-05T08:12:43,100,0,26,100
2023-08-05T08:25:30,100,0,26,100
2023-08-05T08:38:09,100,0,26,100
2023-08-05T08:50:47,100,0,26,100
2023-08-05T09:03:26,100,0,26,100
2023-08-05T09:16:04,100,0,26,100
2023-08-05T09:28:43,100,0,26,100
2023-08-05T09:41:22,100,0,26,100
2023-08-05T09:54:00,100,0,26,100
2023-08-05T10:06:39,100,0,26,100
2023-08-05T10:19:18,100,0,26,100
2023-08-05T10:31:56,100,0,26,100
2023-08-05T10:44:34,100,0,26,100
2023-08-05T10:57:23,100,0,26,100
2023-08-05T11:10:01,100,0,26,100
2023-08-05T11:22:40,100,0,26,100
2023-08-05T11:35:18,100,0,26,100
2023-08-05T11:47:54,100,0,26,100
2023-08-05T12:00:32,100,0,26,100
2023-08-05T12:13:10,100,0,26,100
2023-08-05T12:25:51,100,0,26,100
2023-08-05T12:38:28,100,0,26,100
2023-08-05T12:51:03,100,0,26,100
2023-08-05T13:03:38,100,0,26,100
2023-08-05T13:16:13,100,0,26,100
2023-08-05T13:28:58,100,0,26,100
2023-08-05T13:41:33,100,0,26,100
2023-08-05T13:54:08,100,0,26,100
2023-08-05T14:06:43,100,0,26,100
2023-08-05T14:19:19,100,0,26,100
2023-08-05T14:31:55,100,0,26,100
2023-08-05T14:44:30,100,0,26,100
2023-08-05T14:57:06,100,0,26,100
2023-08-05T15:09:42,100,0,26,100
2023-08-05T15:22:17,100,0,26,100
2023-08-05T15:34:52,100,0,26,100
2023-08-05T15:47:28,100,0,26,100
2023-08-05T16:00:03,100,0,26,100
2023-08-05T16:12:38,100,0,26,100
2023-08-05T16:25:23,100,0,26,100
2023-08-05T16:37:58,100,0,26,100
2023-08-05T16:50:33,100,0,26,100
2023-08-05T17:03:08,100,0,26,100
2023-08-05T17:15:45,100,0,26,100
2023-08-05T17:28:20,100,0,26,100
2023-08-05T17:40:55,100,0,26,100
2023-08-05T17:53:31,100,0,26,100
2023-08-05T18:06:06,100,0,26,100
2023-08-05T18:18:41,100,0,26,100
2023-08-05T18:31:16,100,0,26,100
2023-08-05T18:43:52,100,0,26,100
2023-08-05T18:56:27,100,0,26,100
2023-08-05T19:09:15,100,0,26,100
2023-08-05T19:21:51,100,0,26,100
2023-08-05T19:34:26,100,0,26,100
2023-08-05T19:47:01,100,0,26,100
2023-08-05T19:59:36,100,0,26,100
2023-08-05T20:12:11,100,0,26,100
2023-08-05T20:24:46,100,0,26,100
2023-08-05T20:37:21,100,0,26,100
2023-08-05T20:49:56,100,0,26,100
2023-08-05T21:02:32,100,0,26,100
2023-08-05T21:15:08,100,0,26,100
2023-08-05T21:27:43,100,0,26,100
2023-08-05T21:40:18,100,0,26,100
2023-08-05T21:52:53,100,0,26,100
2023-08-05T22:05:29,100,0,26,100
2023-08-05T22:18:14,100,0,26,100
2023-08-05T22:30:49,100,0,26,100
2023-08-05T22:43:25,100,0,26,100
2023-08-05T22:56:00,100,0,26,100
2023-08-05T23:08:39,100,0,26,100
2023-08-05T23:21:15,100,0,26,100
2023-08-05T23:33:50,100,0,26,100
2023-08-05T23:46:25,100,0,26,100
2023-08-05T23:59:01,100,0,26,100
2023-08-06T00:11:38,100,0,26,100
2023-08-06T00:24:18,100,0,26,100
2023-08-06T00:36:56,100,0,26,100
2023-08-06T00:49:32,100,0,26,100
2023-08-06T01:02:13,100,0,26,100
2023-08-06T01:14:54,100,0,26,100
2023-08-06T01:27:35,100,0,26,100
2023-08-06T01:40:15,100,0,26,100
2023-08-06T01:53:05,100,0,26,100
2023-08-06T02:05:55,100,0,26,100
2023-08-06T02:18:35,100,0,26,100
2023-08-06T02:31:16,100,0,26,100
2023-08-06T02:43:55,100,0,26,100
2023-08-06T02:56:34,100,0,26,100
2023-08-06T03:09:13,100,0,26,100
2023-08-06T03:21:51,100,0,26,100
2023-08-06T03:34:31,100,0,26,100
2023-08-06T03:47:10,100,0,26,100
2023-08-06T03:59:50,100,0,26,100
2023-08-06T04:12:29,100,0,26,100
2023-08-06T04:30:26,100,0,26,100
2023-08-06T04:43:08,100,0,26,100
2023-08-06T04:55:49,100,0,26,100
2023-08-06T05:08:32,100,0,26,100
2023-08-06T05:21:12,100,0,26,100
2023-08-06T05:33:51,100,0,26,100
2023-08-06T05:46:31,100,0,26,100
2023-08-06T05:59:10,100,0,26,100
2023-08-06T06:11:50,100,0,26,100
2023-08-06T06:24:29,100,0,26,100
2023-08-06T06:37:08,100,0,26,100
2023-08-06T06:49:47,100,0,26,100
2023-08-06T07:02:24,100,0,26,100
2023-08-06T07:15:02,100,0,26,100
2023-08-06T07:27:37,100,0,26,100
2023-08-06T07:40:14,100,0,26,100
2023-08-06T07:52:52,100,0,26,100
2023-08-06T08:05:32,100,0,26,100
2023-08-06T08:18:09,100,0,26,100
2023-08-06T08:30:46,100,0,26,100
2023-08-06T08:43:23,100,0,26,100
2023-08-06T08:56:01,100,0,26,100
2023-08-06T09:08:37,100,0,26,100
2023-08-06T09:21:13,100,0,26,100
2023-08-06T09:33:52,100,0,26,100
2023-08-06T09:46:29,100,0,26,100
2023-08-06T09:59:06,100,0,26,100
2023-08-06T10:11:55,100,0,26,100
2023-08-06T10:24:30,100,0,26,100
2023-08-06T10:37:06,100,0,26,100
2023-08-06T10:49:43,100,0,26,100
2023-08-06T11:02:20,100,0,26,100
2023-08-06T11:14:59,100,0,26,100
2023-08-06T11:27:36,100,0,26,100
2023-08-06T11:40:13,100,0,26,100
2023-08-06T11:52:50,100,0,26,100
2023-08-06T12:05:28,100,0,26,100
2023-08-06T12:18:05,100,0,26,100
2023-08-06T12:30:39,100,0,26,100
2023-08-06T12:43:16,100,0,26,100
2023-08-06T12:56:09,100,0,26,100
2023-08-06T13:08:45,100,0,26,100
2023-08-06T13:21:20,100,0,26,100
2023-08-06T13:33:55,100,0,26,100
2023-08-06T13:46:31,100,0,27,100
2023-08-06T13:59:06,100,0,27,100
2023-08-06T14:11:41,100,0,27,100
2023-08-06T14:24:15,100,0,27,100
2023-08-06T14:36:51,100,0,27,100
2023-08-06T14:49:26,100,0,27,100
2023-08-06T15:02:01,100,0,27,100
2023-08-06T15:14:34,100,0,27,100
2023-08-06T15:27:19,100,0,27,100
2023-08-06T15:39:55,100,0,27,100
2023-08-06T15:52:31,100,0,27,100
2023-08-06T16:05:07,100,0,27,100
2023-08-06T16:17:44,100,0,27,100
2023-08-06T16:30:20,100,0,27,100
2023-08-06T16:42:57,100,0,27,100
2023-08-06T16:55:32,100,0,27,100
2023-08-06T17:08:07,100,0,27,100
2023-08-06T17:20:44,100,0,27,100
2023-08-06T17:33:19,100,0,27,100
2023-08-06T17:45:55,100,0,27,100
2023-08-06T17:58:30,100,0,27,100
2023-08-06T18:11:17,100,0,27,100
2023-08-06T18:23:53,100,0,27,100
2023-08-06T18:36:28,100,0,27,100
2023-08-06T18:49:04,100,0,27,100
2023-08-06T19:01:41,100,0,27,100
2023-08-06T19:14:20,100,0,27,100
2023-08-06T19:26:57,100,0,27,100
2023-08-06T19:39:32,100,0,27,100
2023-08-06T19:52:08,100,0,27,100
2023-08-06T20:04:43,100,0,27,100
2023-08-06T20:17:19,100,0,27,100
2023-08-06T20:30:05,100,0,27,100
2023-08-06T20:42:40,100,0,27,100
2023-08-06T20:55:16,100,0,27,100
2023-08-06T21:07:51,100,0,27,100
2023-08-06T21:20:27,100,0,27,100
2023-08-06T21:33:03,100,0,27,100
2023-08-06T21:45:40,100,0,27,100
2023-08-06T21:58:17,100,0,27,100
2023-08-06T22:10:52,100,0,27,100
2023-08-06T22:23:38,100,0,27,100
2023-08-06T22:36:14,100,0,27,100
2023-08-06T22:48:50,100,0,27,100
2023-08-06T23:01:26,100,0,27,100
2023-08-06T23:14:04,100,0,27,100
2023-08-06T23:26:40,100,0,27,100
2023-08-06T23:39:17,100,0,27,100
2023-08-06T23:51:56,100,0,27,100
2023-08-07T00:04:44,100,0,27,100
2023-08-07T00:17:33,100,0,27,100
2023-08-07T00:30:16,100,0,27,100
2023-08-07T00:43:00,100,0,27,100
2023-08-07T00:55:40,100,0,27,100
2023-08-07T01:08:16,100,0,27,100
2023-08-07T01:20:55,100,0,27,100
2023-08-07T01:33:37,100,0,27,100
2023-08-07T01:46:17,100,0,27,100
2023-08-07T01:58:58,100,0,27,100
2023-08-07T02:11:39,100,0,27,100
2023-08-07T02:24:18,100,0,27,100
2023-08-07T02:36:59,100,0,27,100
2023-08-07T02:49:55,100,0,27,100
2023-08-07T03:02:33,100,0,27,100
2023-08-07T03:15:12,100,0,27,100
2023-08-07T03:27:52,100,0,27,100
2023-08-07T03:40:31,100,0,27,100
2023-08-07T03:53:10,100,0,27,100
2023-08-07T04:05:49,100,0,27,100
2023-08-07T04:18:29,100,0,27,100
2023-08-07T04:30:46,100,0,27,100
2023-08-07T04:43:28,100,0,27,100
2023-08-07T04:56:08,100,0,27,100
2023-08-07T05:08:49,100,0,27,100
2023-08-07T05:21:28,100,0,27,100
2023-08-07T05:34:08,100,0,27,100
2023-08-07T05:46:48,100,0,27,100
2023-08-07T05:59:27,100,0,27,100
2023-08-07T06:12:05,100,0,27,100
2023-08-07T06:24:44,100,0,27,100
2023-08-07T06:37:24,100,0,27,100
2023-08-07T06:50:05,100,0,27,100
2023-08-07T07:02:44,100,0,27,100
2023-08-07T07:15:21,100,0,27,100
2023-08-07T07:27:56,100,0,27,100
2023-08-07T07:40:32,100,0,27,100
2023-08-07T07:53:07,100,0,27,100
2023-08-07T08:05:43,100,0,27,100
2023-08-07T08:18:27,100,0,27,100
2023-08-07T08:31:05,100,0,27,100
2023-08-07T08:43:41,100,0,27,100
2023-08-07T08:56:17,100,0,27,100
2023-08-07T09:08:52,100,0,27,100
2023-08-07T09:21:27,100,0,27,100
2023-08-07T09:34:03,100,0,27,100
2023-08-07T09:46:40,100,0,27,100
2023-08-07T09:59:28,100,0,27,100
2023-08-07T10:12:04,100,0,27,100
2023-08-07T10:24:40,100,0,27,100
2023-08-07T10:37:15,100,0,27,100
2023-08-07T10:49:51,100,0,27,100
2023-08-07T11:02:27,100,0,27,100
2023-08-07T11:15:14,100,0,27,100
2023-08-07T11:27:50,100,0,27,100
2023-08-07T11:40:26,100,0,27,100
2023-08-07T11:53:02,100,0,27,100
2023-08-07T12:05:37,100,0,27,100
2023-08-07T12:18:23,100,0,27,100
2023-08-07T12:30:58,100,0,27,100
2023-08-07T12:43:34,100,0,27,100
2023-08-07T12:56:12,100,0,27,100
2023-08-07T13:08:48,100,0,27,100
2023-08-07T13:21:33,100,0,27,100
2023-08-07T13:34:09,100,0,27,100
2023-08-07T13:46:44,100,0,28,100
2023-08-07T13:59:19,100,0,28,100
2023-08-07T14:11:55,100,0,28,100
2023-08-07T14:24:30,100,0,28,100
2023-08-07T14:37:06,100,0,27,100
2023-08-07T14:49:53,100,0,27,100
2023-08-07T15:02:27,100,0,27,100
2023-08-07T15:15:04,100,0,27,100
2023-08-07T15:27:40,100,0,27,100
2023-08-07T15:40:17,100,0,27,100
2023-08-07T15:52:53,100,0,27,100
2023-08-07T16:05:30,100,0,27,100
2023-08-07T16:18:06,100,0,27,100
2023-08-07T16:30:53,100,0,27,100
2023-08-07T16:43:30,100,0,27,100
2023-08-07T16:56:08,100,0,27,100
2023-08-07T17:08:44,100,0,27,100
2023-08-07T17:21:22,100,0,27,100
2023-08-07T17:33:59,100,0,27,100
2023-08-07T17:46:36,100,0,27,100
2023-08-07T17:59:22,100,0,27,100
2023-08-07T18:11:59,100,0,27,100
2023-08-07T18:24:35,100,0,27,100
2023-08-07T18:37:13,100,0,27,100
2023-08-07T18:49:49,100,0,27,100
2023-08-07T19:02:25,100,0,27,100
2023-08-07T19:15:02,100,0,27,100
2023-08-07T19:27:50,100,0,27,100
2023-08-07T19:40:27,100,0,27,100
2023-08-07T19:53:04,100,0,27,100
2023-08-07T20:05:41,100,0,27,100
2023-08-07T20:18:18,100,0,27,100
2023-08-07T20:30:56,100,0,27,100
2023-08-07T20:43:32,100,0,27,100
2023-08-07T20:56:09,100,0,27,100
2023-08-07T21:08:46,100,0,27,100
2023-08-07T21:21:22,100,0,27,100
2023-08-07T21:34:11,100,0,27,100
2023-08-07T21:46:48,100,0,27,100
2023-08-07T21:59:25,100,0,27,100
2023-08-07T22:12:01,100,0,27,100
2023-08-07T22:24:38,100,0,27,100
2023-08-07T22:37:15,100,0,27,100
2023-08-07T22:49:53,100,0,27,100
2023-08-07T23:02:30,100,0,27,100
2023-08-07T23:15:09,100,0,27,100
2023-08-07T23:27:59,100,0,27,100
2023-08-07T23:40:37,100,0,27,100
2023-08-07T23:53:14,100,0,27,100
2023-08-08T00:05:53,100,0,27,100
2023-08-08T00:18:32,100,0,27,100
2023-08-08T00:31:19,100,0,27,100
2023-08-08T00:43:58,100,0,27,100
2023-08-08T00:56:36,100,0,27,100
2023-08-08T01:09:16,100,0,27,100
2023-08-08T01:21:53,100,0,27,100
2023-08-08T01:34:41,100,0,27,100
2023-08-08T01:47:17,100,0,27,100
2023-08-08T01:59:56,100,0,27,100
2023-08-08T02:12:33,100,0,27,100
2023-08-08T02:25:08,100,0,27,100
2023-08-08T02:37:43,100,0,27,100
2023-08-08T02:50:17,100,0,27,100
2023-08-08T03:02:49,100,0,27,100
2023-08-08T03:15:36,100,0,27,100
2023-08-08T03:28:12,100,0,27,100
2023-08-08T03:40:47,100,0,27,100
2023-08-08T03:53:23,100,0,27,100
2023-08-08T04:06:00,100,0,27,100
2023-08-08T04:27:46,100,0,27,100
2023-08-08T04:40:28,100,0,27,100
2023-08-08T04:53:09,100,0,27,100
2023-08-08T05:05:50,100,0,27,100
2023-08-08T05:18:29,100,0,27,100
2023-08-08T05:31:07,100,0,27,100
2023-08-08T05:43:45,100,0,27,100
2023-08-08T05:56:25,100,0,27,100
2023-08-08T06:09:05,100,0,27,100
2023-08-08T06:21:44,100,0,27,100
2023-08-08T06:34:24,100,0,27,100
2023-08-08T06:47:05,100,0,27,100
2023-08-08T06:59:45,100,0,27,100
2023-08-08T07:12:25,100,0,27,100
2023-08-08T07:25:04,100,0,27,100
2023-08-08T07:37:44,100,0,27,100
2023-08-08T07:50:22,100,0,27,100
2023-08-08T08:03:21,100,0,27,100
2023-08-08T08:16:00,100,0,27,100
2023-08-08T08:28:41,100,0,27,100
2023-08-08T08:41:20,100,0,27,100
2023-08-08T08:54:00,100,0,27,100
2023-08-08T09:06:38,100,0,27,100
2023-08-08T09:19:16,100,0,27,100
2023-08-08T09:31:54,100,0,27,100
2023-08-08T09:44:33,100,0,27,100
2023-08-08T09:57:21,100,0,27,100
2023-08-08T10:10:00,100,0,27,100
2023-08-08T10:22:37,100,0,27,100
2023-08-08T10:35:17,100,0,27,100
2023-08-08T10:47:56,100,0,27,100
2023-08-08T11:00:35,100,0,27,100
2023-08-08T11:13:24,100,0,27,100
2023-08-08T11:26:01,100,0,27,100
2023-08-08T11:38:38,100,0,27,100
2023-08-08T11:51:16,100,0,27,100
2023-08-08T12:03:54,100,0,27,100
2023-08-08T12:16:50,100,0,27,100
2023-08-08T12:29:27,100,0,27,100
2023-08-08T12:42:05,100,0,27,100
2023-08-08T12:54:41,100,0,27,100
2023-08-08T13:07:18,100,0,27,100
2023-08-08T13:19:55,100,0,27,100
2023-08-08T13:32:35,100,0,27,100
2023-08-08T13:45:21,100,0,27,100
2023-08-08T13:57:58,100,0,27,100
2023-08-08T14:10:36,100,0,27,100
2023-08-08T14:23:13,100,0,27,100
2023-08-08T14:35:50,100,0,27,100
2023-08-08T14:48:27,100,0,27,100
2023-08-08T15:01:04,100,0,27,100
2023-08-08T15:13:50,100,0,27,100
2023-08-08T15:26:29,100,0,27,100
2023-08-08T15:39:06,100,0,27,100
2023-08-08T15:51:42,100,0,27,100
2023-08-08T16:04:19,100,0,27,100
2023-08-08T16:16:56,100,0,27,100
2023-08-08T16:29:33,100,0,27,100
2023-08-08T16:42:21,100,0,27,100
2023-08-08T16:54:57,100,0,27,100
2023-08-08T17:07:35,100,0,27,100
2023-08-08T17:20:11,100,0,27,100
2023-08-08T17:32:48,100,0,27,100
2023-08-08T17:45:25,100,0,27,100
2023-08-08T17:58:22,100,0,27,100
2023-08-08T18:10:59,100,0,27,100
2023-08-08T18:23:36,100,0,27,100
2023-08-08T18:36:13,100,0,27,100
2023-08-08T18:48:50,100,0,27,100
2023-08-08T19:01:28,100,0,27,100
2023-08-08T19:14:06,100,0,27,100
2023-08-08T19:26:43,100,0,27,100
2023-08-08T19:39:31,100,0,27,100
2023-08-08T19:52:08,100,0,27,100
2023-08-08T20:04:47,100,0,27,100
2023-08-08T20:17:24,100,0,27,100
2023-08-08T20:30:01,100,0,27,100
2023-08-08T20:42:37,100,0,27,100
2023-08-08T20:55:15,100,0,27,100
2023-08-08T21:07:51,100,0,27,100
2023-08-08T21:20:39,100,0,27,100
2023-08-08T21:33:16,100,0,27,100
2023-08-08T21:45:53,100,0,27,100
2023-08-08T21:58:30,100,0,27,100
2023-08-08T22:11:07,100,0,27,100
2023-08-08T22:23:43,100,0,27,100
2023-08-08T22:36:20,100,0,27,100
2023-08-08T22:48:57,100,0,27,100
2023-08-08T23:01:44,100,0,27,100
2023-08-08T23:14:24,100,0,27,100
2023-08-08T23:27:01,100,0,27,100
2023-08-08T23:39:39,100,0,27,100
2023-08-08T23:52:17,100,0,27,100
2023-08-09T00:04:56,100,0,27,100
2023-08-09T00:17:38,100,0,27,100
2023-08-09T00:30:15,100,0,27,100
2023-08-09T00:42:53,100,0,27,100
2023-08-09T00:55:30,100,0,27,100
2023-08-09T01:08:23,100,0,27,100
2023-08-09T01:21:00,100,0,27,100
2023-08-09T01:33:37,100,0,27,100
2023-08-09T01:46:12,100,0,27,100
2023-08-09T01:58:51,100,0,27,100
2023-08-09T02:11:30,100,0,27,100
2023-08-09T02:24:08,100,0,27,100
2023-08-09T02:36:47,100,0,27,100
2023-08-09T02:49:24,100,0,27,100
2023-08-09T03:02:02,100,0,27,100
2023-08-09T03:14:42,100,0,27,100
2023-08-09T03:27:23,100,0,27,100
2023-08-09T03:40:03,100,0,27,100
2023-08-09T03:52:44,100,0,27,100
2023-08-09T04:05:35,100,0,27,100
2023-08-09T04:20:23,100,0,27,100
2023-08-09T04:33:06,100,0,27,100
2023-08-09T04:45:48,100,0,27,100
2023-08-09T04:58:28,100,0,27,100
2023-08-09T05:11:10,100,0,27,100
2023-08-09T05:23:49,100,0,27,100
2023-08-09T05:36:30,100,0,27,100
2023-08-09T05:49:11,100,0,27,100
2023-08-09T06:01:51,100,0,27,100
2023-08-09T06:14:31,100,0,27,100
2023-08-09T06:27:13,100,0,27,100
2023-08-09T06:39:54,100,0,27,100
2023-08-09T06:52:34,100,0,27,100
2023-08-09T07:05:14,100,0,27,100
2023-08-09T07:17:52,100,0,27,100
2023-08-09T07:30:31,100,0,27,100
2023-08-09T07:43:10,100,0,27,100
2023-08-09T07:55:49,100,0,27,100
2023-08-09T08:08:40,100,0,27,100
2023-08-09T08:21:18,100,0,27,100
2023-08-09T08:33:57,100,0,27,100
2023-08-09T08:46:35,100,0,27,100
2023-08-09T08:59:13,100,0,27,100
2023-08-09T09:11:51,100,0,27,100
2023-08-09T09:24:28,100,0,27,100
2023-08-09T09:37:05,100,0,27,100
2023-08-09T09:49:41,100,0,27,100
2023-08-09T10:02:17,100,0,27,100
2023-08-09T10:15:04,100,0,27,100
2023-08-09T10:27:40,100,0,27,100
2023-08-09T10:40:16,100,0,27,100
2023-08-09T10:52:53,100,0,27,100
2023-08-09T11:05:29,100,0,27,100
2023-08-09T11:18:06,100,0,27,100
2023-08-09T11:30:53,100,0,27,100
2023-08-09T11:43:30,100,0,27,100
2023-08-09T11:56:06,100,0,26,100
2023-08-09T12:08:52,100,0,26,100
2023-08-09T12:21:28,100,0,26,100
2023-08-09T12:34:16,100,0,26,100
2023-08-09T12:46:52,100,0,26,100
2023-08-09T12:59:28,100,0,26,100
2023-08-09T13:12:16,100,0,26,100
2023-08-09T13:24:52,100,0,26,100
2023-08-09T13:37:28,100,0,26,100
2023-08-09T13:50:14,100,0,26,100
2023-08-09T14:05:11,100,0,26,100
2023-08-09T14:18:15,100,0,26,100
2023-08-09T14:31:02,100,0,26,100
2023-08-09T14:43:39,100,0,26,100
2023-08-09T14:56:16,100,0,26,100
2023-08-09T15:08:53,100,0,26,100
2023-08-09T15:21:31,100,0,26,100
2023-08-09T15:34:07,100,0,26,100
2023-08-09T15:46:45,100,0,26,100
2023-08-09T15:59:31,100,0,26,100
2023-08-09T16:12:08,100,0,26,100
2023-08-09T16:24:45,100,0,26,100
2023-08-09T16:37:22,100,0,26,100
2023-08-09T16:49:59,100,0,26,100
2023-08-09T17:02:35,100,0,26,100
2023-08-09T17:15:13,100,0,26,100
2023-08-09T17:27:49,100,0,26,100
2023-08-09T17:40:36,100,0,26,100
2023-08-09T17:53:13,100,0,26,100
2023-08-09T18:05:50,100,0,26,100
2023-08-09T18:18:27,100,0,26,100
2023-08-09T18:31:04,100,0,26,100
2023-08-09T18:43:41,100,0,26,100
2023-08-09T18:56:19,100,0,26,100
2023-08-09T19:08:56,100,0,26,100
2023-08-09T19:21:33,100,0,26,100
2023-08-09T19:34:11,100,0,26,100
2023-08-09T19:46:48,100,0,26,100
2023-08-09T19:59:35,100,0,26,100
2023-08-09T20:12:11,100,0,26,100
2023-08-09T20:24:47,100,0,26,100
2023-08-09T20:37:24,100,0,26,100
2023-08-09T20:50:00,100,0,26,100
2023-08-09T21:02:36,100,0,26,100
2023-08-09T21:15:14,100,0,26,100
2023-08-09T21:27:50,100,0,26,100
2023-08-09T21:40:28,100,0,26,100
2023-08-09T21:53:07,100,0,26,100
2023-08-09T22:05:54,100,0,26,100
2023-08-09T22:18:31,100,0,26,100
2023-08-09T22:31:08,100,0,26,100
2023-08-09T22:43:45,100,0,26,100
2023-08-09T22:56:21,100,0,26,100
2023-08-09T23:09:00,100,0,26,100
2023-08-09T23:21:37,100,0,26,100
2023-08-09T23:34:15,100,0,26,100
2023-08-09T23:46:52,100,0,26,100
2023-08-09T23:59:29,100,0,26,100
2023-08-10T00:12:11,100,0,26,100
2023-08-10T00:24:53,100,0,26,100
2023-08-10T00:37:30,100,0,26,100
2023-08-10T00:50:09,100,0,26,100
2023-08-10T01:02:58,100,0,26,100
2023-08-10T01:15:35,100,0,26,100
2023-08-10T01:28:13,100,0,26,100
2023-08-10T01:40:50,100,0,26,100
2023-08-10T01:53:29,100,0,26,100
2023-08-10T02:06:06,100,0,26,100
2023-08-10T02:18:41,100,0,26,100
2023-08-10T02:31:16,100,0,26,100
2023-08-10T02:43:52,100,0,26,100
2023-08-10T02:56:30,100,0,26,100
2023-08-10T03:09:08,100,0,26,100
2023-08-10T03:21:47,100,0,26,100
2023-08-10T03:34:26,100,0,26,100
2023-08-10T03:47:05,100,0,26,100
2023-08-10T03:59:45,100,0,26,100
2023-08-10T04:14:47,100,0,26,100
2023-08-10T04:28:22,100,0,26,100
2023-08-10T04:41:27,100,0,26,100
2023-08-10T04:54:10,100,0,26,100
2023-08-10T05:06:50,100,0,26,100
2023-08-10T05:19:27,100,0,26,100
2023-08-10T05:32:07,100,0,26,100
2023-08-10T05:44:45,100,0,26,100
2023-08-10T05:57:39,100,0,26,100
2023-08-10T06:10:19,100,0,26,100
2023-08-10T06:23:00,100,0,26,100
2023-08-10T06:35:40,100,0,26,100
2023-08-10T06:48:21,100,0,26,100
2023-08-10T07:01:01,100,0,26,100
2023-08-10T07:13:44,100,0,26,100
2023-08-10T07:26:25,100,0,26,100
2023-08-10T07:39:04,100,0,26,100
2023-08-10T07:51:42,100,0,26,100
2023-08-10T08:04:20,100,0,26,100
2023-08-10T08:16:59,100,0,26,100
2023-08-10T08:29:39,100,0,26,100
2023-08-10T08:42:28,100,0,26,100
2023-08-10T08:55:06,100,0,26,100
2023-08-10T09:07:45,100,0,26,100
2023-08-10T09:20:24,100,0,26,100
2023-08-10T09:33:03,100,0,26,100
2023-08-10T09:45:41,100,0,26,100
2023-08-10T09:58:20,100,0,25,100
2023-08-10T10:10:59,100,0,25,100
2023-08-10T10:23:39,100,0,25,100
2023-08-10T10:36:18,100,0,25,100
2023-08-10T10:49:05,100,0,25,100
2023-08-10T11:01:42,100,0,25,100
2023-08-10T11:14:20,100,0,25,100
2023-08-10T11:26:57,100,0,25,100
2023-08-10T11:39:33,100,0,25,100
2023-08-10T11:52:11,100,0,25,100
2023-08-10T12:04:47,100,0,25,100
2023-08-10T12:17:23,100,0,25,100
2023-08-10T12:30:11,100,0,25,100
2023-08-10T12:42:49,100,0,25,100
2023-08-10T12:55:26,100,0,25,100
2023-08-10T13:08:02,100,0,25,100
2023-08-10T13:20:40,100,0,25,100
2023-08-10T13:33:18,100,0,25,100
2023-08-10T13:45:55,100,0,25,100
2023-08-10T13:58:33,100,0,25,100
2023-08-10T14:11:11,100,0,25,100
2023-08-10T14:23:59,100,0,25,100
2023-08-10T14:36:37,100,0,25,100
2023-08-10T14:49:14,100,0,25,100
2023-08-10T15:01:52,100,0,25,100
2023-08-10T15:14:30,100,0,25,100
2023-08-10T15:27:07,100,0,25,100
2023-08-10T15:39:45,100,0,25,100
2023-08-10T15:52:22,100,0,25,100
2023-08-10T16:05:09,100,0,25,100
2023-08-10T16:17:46,100,0,25,100
2023-08-10T16:30:23,100,0,25,100
2023-08-10T16:43:00,100,0,25,100
2023-08-10T16:55:37,100,0,25,100
2023-08-10T17:08:15,100,0,25,100
2023-08-10T17:20:56,100,0,25,100
2023-08-10T17:33:43,100,0,25,100
2023-08-10T17:46:20,100,0,25,100
2023-08-10T17:58:57,100,0,25,100
2023-08-10T18:11:35,100,0,25,100
2023-08-10T18:24:13,100,0,25,100
2023-08-10T18:36:52,100,0,25,100
2023-08-10T18:49:29,100,0,25,100
2023-08-10T19:02:08,100,0,25,100
2023-08-10T19:14:46,100,0,25,100
2023-08-10T19:27:24,100,0,25,100
2023-08-10T19:40:01,100,0,25,100
2023-08-10T19:52:50,100,0,25,100
2023-08-10T20:05:28,100,0,25,100
2023-08-10T20:18:07,100,0,25,100
2023-08-10T20:30:45,100,0,25,100
2023-08-10T20:43:23,100,0,25,100
2023-08-10T20:56:01,100,0,25,100
2023-08-10T21:08:39,100,0,25,100
2023-08-10T21:21:17,100,0,25,100
2023-08-10T21:33:54,100,0,25,100
2023-08-10T21:46:32,100,0,25,100
2023-08-10T21:59:09,100,0,25,100
2023-08-10T22:11:57,100,0,25,100
2023-08-10T22:24:34,100,0,25,100
2023-08-10T22:37:11,100,0,25,100
2023-08-10T22:49:48,100,0,25,100
2023-08-10T23:02:26,100,0,25,100
2023-08-10T23:15:07,100,0,25,100
2023-08-10T23:27:46,100,0,25,100
2023-08-10T23:40:23,100,0,25,100
2023-08-10T23:53:02,100,0,25,100
2023-08-11T00:05:43,100,0,25,100
2023-08-11T00:18:25,100,0,25,100
2023-08-11T00:31:06,100,0,25,100
2023-08-11T00:43:58,100,0,25,100
2023-08-11T00:56:40,100,0,25,100
2023-08-11T01:09:22,100,0,25,100
2023-08-11T01:22:03,100,0,25,100
2023-08-11T01:34:46,100,0,25,100
2023-08-11T01:47:28,100,0,25,100
2023-08-11T02:00:13,100,0,25,100
2023-08-11T02:12:52,100,0,25,100
2023-08-11T02:25:29,100,0,25,100
2023-08-11T02:38:07,100,0,25,100
2023-08-11T02:50:45,100,0,25,100
2023-08-11T03:03:22,100,0,25,100
2023-08-11T03:16:02,100,0,25,100
2023-08-11T03:28:43,100,0,25,100
2023-08-11T03:41:24,100,0,25,100
2023-08-11T03:54:05,100,0,25,100
2023-08-11T04:06:46,100,0,25,100
2023-08-11T04:19:39,100,0,25,100
2023-08-11T04:32:24,100,0,25,100
2023-08-11T04:46:54,100,0,25,100
2023-08-11T04:59:37,100,0,25,100
2023-08-11T05:12:20,100,0,25,100
2023-08-11T05:25:01,100,0,25,100
2023-08-11T05:37:43,100,0,25,100
2023-08-11T05:50:26,100,0,25,100
2023-08-11T06:03:06,100,0,25,100
2023-08-11T06:15:47,100,0,25,100
2023-08-11T06:28:28,100,0,25,100
2023-08-11T06:41:09,100,0,25,100
2023-08-11T06:53:49,100,0,25,100
2023-08-11T07:06:32,100,0,25,100
2023-08-11T07:19:12,100,0,25,100
2023-08-11T07:31:52,100,0,25,100
2023-08-11T07:44:30,100,0,25,100
2023-08-11T07:57:10,100,0,25,100
2023-08-11T08:09:49,100,0,25,100
2023-08-11T08:22:30,100,0,25,100
2023-08-11T08:35:10,100,0,25,100
2023-08-11T08:47:51,100,0,25,100
2023-08-11T09:00:29,100,0,25,100
2023-08-11T09:13:19,100,0,25,100
2023-08-11T09:25:59,100,0,25,100
2023-08-11T09:38:39,100,0,25,100
2023-08-11T09:51:18,100,0,25,100
2023-08-11T10:03:56,100,0,25,100
2023-08-11T10:16:34,100,0,25,100
2023-08-11T10:29:13,100,0,25,100
2023-08-11T10:41:50,100,0,25,100
2023-08-11T10:54:27,100,0,25,100
2023-08-11T11:07:04,100,0,25,100
2023-08-11T11:19:42,100,0,25,100
2023-08-11T11:32:20,100,0,25,100
2023-08-11T11:44:58,100,0,25,100
2023-08-11T11:57:44,100,0,25,100
2023-08-11T12:10:22,100,0,25,100
2023-08-11T12:22:59,100,0,25,100
2023-08-11T12:35:36,100,0,25,100
2023-08-11T12:48:14,100,0,25,100
2023-08-11T13:00:51,100,0,25,100
2023-08-11T13:13:29,100,0,25,100
2023-08-11T13:26:06,100,0,25,100
2023-08-11T13:38:43,100,0,25,100
2023-08-11T13:51:20,100,0,25,100
2023-08-11T14:04:08,100,0,25,100
2023-08-11T14:16:45,100,0,25,100
2023-08-11T14:29:22,100,0,25,100
2023-08-11T14:42:00,100,0,25,100
2023-08-11T14:54:38,100,0,25,100
2023-08-11T15:07:15,100,0,25,100
2023-08-11T15:19:53,100,0,25,100
2023-08-11T15:32:31,100,0,25,100
2023-08-11T15:45:08,100,0,25,100
2023-08-11T15:57:46,100,0,25,100
2023-08-11T16:10:34,100,0,25,100
2023-08-11T16:23:11,100,0,25,100
2023-08-11T16:35:49,100,0,25,100
2023-08-11T16:48:26,100,0,25,100
2023-08-11T17:01:03,100,0,25,100
2023-08-11T17:13:42,100,0,25,100
2023-08-11T17:26:19,100,0,25,100
2023-08-11T17:38:56,100,0,25,100
2023-08-11T17:51:33,100,0,25,100
2023-08-11T18:04:11,100,0,25,100
2023-08-11T18:16:48,100,0,25,100
2023-08-11T18:29:26,100,0,25,100
2023-08-11T18:42:03,100,0,25,100
2023-08-11T18:54:40,100,0,25,100
2023-08-11T19:07:30,100,0,25,100
2023-08-11T19:20:08,100,0,25,100
2023-08-11T19:32:47,100,0,25,100
2023-08-11T19:45:24,100,0,25,100
2023-08-11T19:58:02,100,0,25,100
2023-08-11T20:10:39,100,0,25,100
2023-08-11T20:23:17,100,0,25,100
2023-08-11T20:35:55,100,0,25,100
2023-08-11T20:48:33,100,0,25,100
2023-08-11T21:01:11,100,0,25,100
2023-08-11T21:13:49,100,0,25,100
2023-08-11T21:26:37,100,0,25,100
2023-08-11T21:39:15,100,0,25,100
2023-08-11T21:51:53,100,0,25,100
2023-08-11T22:04:32,100,0,25,100
2023-08-11T22:17:09,100,0,25,100
2023-08-11T22:29:47,100,0,25,100
2023-08-11T22:42:25,100,0,25,100
2023-08-11T22:55:02,100,0,25,100
2023-08-11T23:07:42,100,0,25,100
2023-08-11T23:20:20,100,0,25,100
2023-08-11T23:32:59,100,0,25,100
2023-08-11T23:45:38,100,0,25,100
2023-08-11T23:58:27,100,0,25,100
2023-08-12T00:11:07,100,0,25,100
2023-08-12T00:23:52,100,0,25,100
2023-08-12T00:36:34,100,0,25,100
2023-08-12T00:49:53,100,0,25,100
2023-08-12T01:02:37,100,0,25,100
2023-08-12T01:15:18,100,0,25,100
2023-08-12T01:28:00,100,0,25,100
2023-08-12T01:40:42,100,0,25,100
2023-08-12T01:53:26,100,0,25,100
2023-08-12T02:06:08,100,0,25,100
2023-08-12T02:18:47,100,0,25,100
2023-08-12T02:31:28,100,0,25,100
2023-08-12T02:44:08,100,0,25,100
2023-08-12T02:56:45,100,0,25,100
2023-08-12T03:09:24,100,0,25,100
2023-08-12T03:22:04,100,0,25,100
2023-08-12T03:34:43,100,0,25,100
2023-08-12T03:47:23,100,0,25,100
2023-08-12T04:00:13,100,0,25,100
2023-08-12T04:15:08,100,0,25,100
2023-08-12T04:28:57,100,0,25,100
2023-08-12T04:42:02,100,0,25,100
2023-08-12T04:54:45,100,0,25,100
2023-08-12T05:07:26,100,0,25,100
2023-08-12T05:20:05,100,0,25,100
2023-08-12T05:32:45,100,0,25,100
2023-08-12T05:45:23,100,0,25,100
2023-08-12T05:58:03,100,0,25,100
2023-08-12T06:10:45,100,0,25,100
2023-08-12T06:23:27,100,0,25,100
2023-08-12T06:36:09,100,0,25,100
2023-08-12T06:48:51,100,0,25,100
2023-08-12T07:01:32,100,0,25,100
2023-08-12T07:14:13,100,0,25,100
2023-08-12T07:26:53,100,0,25,100
2023-08-12T07:39:33,100,0,25,100
2023-08-12T07:52:13,100,0,25,100
2023-08-12T08:04:53,100,0,25,100
2023-08-12T08:17:42,100,0,25,100
2023-08-12T08:30:24,100,0,25,100
2023-08-12T08:43:05,100,0,25,100
2023-08-12T08:55:46,100,0,25,100
2023-08-12T09:08:27,100,0,25,100
2023-08-12T09:21:07,100,0,25,100
2023-08-12T09:33:47,100,0,25,100
2023-08-12T09:46:28,100,0,25,100
2023-08-12T09:59:09,100,0,25,100
2023-08-12T10:11:49,100,0,25,100
2023-08-12T10:24:43,100,0,25,100
2023-08-12T10:37:24,100,0,25,100
2023-08-12T10:50:05,100,0,25,100
2023-08-12T11:02:45,100,0,25,100
2023-08-12T11:15:26,100,0,25,100
2023-08-12T11:28:06,100,0,25,100
2023-08-12T11:40:46,100,0,25,100
2023-08-12T11:53:25,100,0,25,100
2023-08-12T12:06:05,100,0,25,100
2023-08-12T12:18:46,100,0,25,100
2023-08-12T12:31:26,100,0,25,100
2023-08-12T12:44:05,100,0,25,100
2023-08-12T12:56:43,100,0,25,100
2023-08-12T13:09:20,100,0,25,100
2023-08-12T13:21:57,100,0,25,100
2023-08-12T13:34:46,100,0,25,100
2023-08-12T13:47:23,100,0,25,100
2023-08-12T14:00:00,100,0,25,100
2023-08-12T14:12:38,100,0,25,100
2023-08-12T14:25:16,100,0,25,100
2023-08-12T14:37:53,100,0,25,100
2023-08-12T14:50:30,100,0,25,100
2023-08-12T15:03:08,100,0,25,100
2023-08-12T15:15:46,100,0,25,100
2023-08-12T15:28:24,100,0,25,100
2023-08-12T15:41:01,100,0,25,100
2023-08-12T15:53:39,100,0,25,100
2023-08-12T16:06:17,100,0,25,100
2023-08-12T16:18:54,100,0,25,100
2023-08-12T16:31:32,100,0,25,100
2023-08-12T16:44:09,100,0,25,100
2023-08-12T16:56:47,100,0,25,100
2023-08-12T17:09:36,100,0,25,100
2023-08-12T17:22:14,100,0,25,100
2023-08-12T17:34:52,100,0,25,100
2023-08-12T17:47:30,100,0,25,100
2023-08-12T18:00:09,100,0,25,100
2023-08-12T18:12:47,100,0,25,100
2023-08-12T18:25:25,100,0,25,100
2023-08-12T18:38:04,100,0,25,100
2023-08-12T18:50:41,100,0,25,100
2023-08-12T19:03:19,100,0,25,100
2023-08-12T19:15:58,100,0,25,100
2023-08-12T19:28:35,100,0,25,100
2023-08-12T19:41:13,100,0,25,100
2023-08-12T19:53:51,100,0,25,100
2023-08-12T20:06:29,100,0,25,100
2023-08-12T20:19:07,100,0,25,100
2023-08-12T20:31:55,100,0,25,100
2023-08-12T20:44:33,100,0,25,100
2023-08-12T20:57:10,100,0,25,100
2023-08-12T21:09:49,100,0,25,100
2023-08-12T21:22:27,100,0,25,100
2023-08-12T21:35:05,100,0,25,100
2023-08-12T21:47:43,100,0,25,100
2023-08-12T22:00:21,100,0,25,100
2023-08-12T22:12:58,100,0,25,100
2023-08-12T22:25:37,100,0,25,100
2023-08-12T22:38:14,100,0,25,100
2023-08-12T22:50:52,100,0,25,100
2023-08-12T23:03:29,100,0,25,100
2023-08-12T23:16:10,100,0,25,100
2023-08-12T23:28:48,100,0,25,100
2023-08-12T23:41:26,100,0,25,100
2023-08-12T23:54:03,100,0,25,100
2023-08-13T00:06:54,100,0,25,100
2023-08-13T00:19:36,100,0,25,100
2023-08-13T00:32:16,100,0,25,100
2023-08-13T00:44:56,100,0,25,100
2023-08-13T00:57:34,100,0,25,100
2023-08-13T01:10:12,100,0,25,100
2023-08-13T01:22:51,100,0,25,100
2023-08-13T01:35:28,100,0,25,100
2023-08-13T01:48:06,100,0,25,100
2023-08-13T02:00:45,100,0,25,100
2023-08-13T02:13:22,100,0,25,100
2023-08-13T02:26:01,100,0,25,100
2023-08-13T02:38:49,100,0,25,100
2023-08-13T02:51:32,100,0,25,100
2023-08-13T03:04:20,100,0,25,100
2023-08-13T03:17:17,100,0,25,100
2023-08-13T03:30:00,100,0,25,100
2023-08-13T03:42:55,100,0,25,100
2023-08-13T03:56:14,100,0,25,100
2023-08-13T04:17:49,100,0,25,100
2023-08-13T04:30:55,100,0,25,100
2023-08-13T04:43:44,100,0,25,100
2023-08-13T04:56:28,100,0,25,100
2023-08-13T05:09:12,100,0,25,100
2023-08-13T05:21:54,100,0,25,100
2023-08-13T05:34:37,100,0,25,100
2023-08-13T05:47:20,100,0,25,100
2023-08-13T06:00:03,100,0,25,100
2023-08-13T06:12:45,100,0,25,100
2023-08-13T06:25:27,100,0,25,100
2023-08-13T06:38:09,100,0,25,100
2023-08-13T06:50:50,100,0,25,100
2023-08-13T07:03:30,100,0,25,100
2023-08-13T07:16:10,100,0,25,100
2023-08-13T07:28:53,100,0,25,100
2023-08-13T07:41:34,100,0,25,100
2023-08-13T07:54:15,100,0,25,100
2023-08-13T08:06:59,100,0,25,100
2023-08-13T08:19:41,100,0,25,100
2023-08-13T08:32:22,100,0,25,100
2023-08-13T08:45:03,100,0,25,100
2023-08-13T08:57:42,100,0,25,100
2023-08-13T09:10:29,100,0,25,100
2023-08-13T09:23:07,100,0,25,100
2023-08-13T09:35:47,100,0,25,100
2023-08-13T09:48:25,100,0,25,100
2023-08-13T10:01:03,100,0,25,100
2023-08-13T10:13:43,100,0,25,100
2023-08-13T10:26:22,100,0,25,100
2023-08-13T10:39:02,100,0,25,100
2023-08-13T10:51:42,100,0,25,100
2023-08-13T11:04:21,100,0,25,100
2023-08-13T11:17:00,100,0,25,100
2023-08-13T11:29:38,100,0,25,100
2023-08-13T11:42:17,100,0,25,100
2023-08-13T11:55:05,100,0,25,100
2023-08-13T12:07:43,100,0,25,100
2023-08-13T12:20:22,100,0,25,100
2023-08-13T12:33:00,100,0,25,100
2023-08-13T12:45:39,100,0,25,100
2023-08-13T12:58:16,100,0,25,100
2023-08-13T13:10:54,100,0,25,100
2023-08-13T13:23:32,100,0,25,100
2023-08-13T13:36:10,100,0,25,100
2023-08-13T13:48:47,100,0,25,100
2023-08-13T14:01:26,100,0,25,100
2023-08-13T14:14:05,100,0,25,100
2023-08-13T14:26:52,100,0,25,100
2023-08-13T14:39:31,100,0,25,100
2023-08-13T14:52:08,100,0,25,100
2023-08-13T15:04:47,100,0,25,100
2023-08-13T15:17:25,100,0,25,100
2023-08-13T15:30:03,100,0,25,100
2023-08-13T15:42:40,100,0,25,100
2023-08-13T15:55:17,100,0,25,100
2023-08-13T16:07:56,100,0,25,100
2023-08-13T16:20:35,100,0,25,100
2023-08-13T16:33:13,100,0,25,100
2023-08-13T16:46:04,100,0,25,100
2023-08-13T16:58:42,100,0,25,100
2023-08-13T17:11:21,100,0,25,100
2023-08-13T17:23:59,100,0,25,100
2023-08-13T17:36:36,100,0,25,100
2023-08-13T17:49:15,100,0,25,100
2023-08-13T18:01:52,100,0,25,100
2023-08-13T18:14:31,100,0,25,100
2023-08-13T18:27:09,100,0,25,100
2023-08-13T18:39:46,100,0,25,100
2023-08-13T18:52:24,100,0,25,100
2023-08-13T19:05:14,100,0,25,100
2023-08-13T19:17:54,100,0,25,100
2023-08-13T19:30:31,100,0,25,100
2023-08-13T19:43:09,100,0,25,100
2023-08-13T19:55:47,100,0,25,100
2023-08-13T20:08:25,100,0,25,100
2023-08-13T20:21:03,100,0,25,100
2023-08-13T20:33:40,100,0,25,100
2023-08-13T20:46:17,100,0,25,100
2023-08-13T20:58:55,100,0,25,100
2023-08-13T21:11:32,100,0,25,100
2023-08-13T21:24:21,100,0,25,100
2023-08-13T21:37:00,100,0,25,100
2023-08-13T21:49:39,100,0,25,100
2023-08-13T22:02:18,100,0,25,100
2023-08-13T22:14:55,100,0,25,100
2023-08-13T22:27:33,100,0,25,100
2023-08-13T22:40:12,100,0,25,100
2023-08-13T22:52:49,100,0,25,100
2023-08-13T23:05:28,100,0,25,100
2023-08-13T23:18:08,100,0,25,100
2023-08-13T23:30:58,100,0,25,100
2023-08-13T23:43:36,100,0,25,100
2023-08-13T23:56:14,100,0,25,100
2023-08-14T00:08:56,100,0,25,100
2023-08-14T00:21:50,100,0,25,100
2023-08-14T00:34:42,100,0,25,100
2023-08-14T00:47:24,100,0,25,100
2023-08-14T01:00:03,100,0,25,100
2023-08-14T01:12:45,100,0,25,100
2023-08-14T01:25:30,100,0,25,100
2023-08-14T01:38:22,100,0,25,100
2023-08-14T01:51:04,100,0,25,100
2023-08-14T02:03:54,100,0,25,100
2023-08-14T02:16:39,100,0,25,100
2023-08-14T02:29:19,100,0,25,100
2023-08-14T02:42:00,100,0,25,100
2023-08-14T02:54:40,100,0,25,100
2023-08-14T03:07:20,100,0,25,100
2023-08-14T03:20:02,100,0,25,100
2023-08-14T03:32:44,100,0,25,100
2023-08-14T03:45:22,100,0,25,100
2023-08-14T03:58:04,100,0,25,100
2023-08-14T04:17:19,100,0,25,100
2023-08-14T04:30:28,100,0,25,100
2023-08-14T04:43:11,100,0,25,100
2023-08-14T04:55:53,100,0,25,100
2023-08-14T05:08:37,100,0,25,100
2023-08-14T05:21:18,100,0,25,100
2023-08-14T05:34:00,100,0,25,100
2023-08-14T05:46:43,100,0,25,100
2023-08-14T05:59:25,100,0,25,100
2023-08-14T06:12:06,100,0,25,100
2023-08-14T06:24:50,100,0,25,100
2023-08-14T06:37:32,100,0,25,100
2023-08-14T06:50:13,100,0,25,100
2023-08-14T07:02:54,100,0,25,100
2023-08-14T07:15:33,100,0,25,100
2023-08-14T07:28:11,100,0,25,100
2023-08-14T07:40:50,100,0,25,100
2023-08-14T07:53:39,100,0,25,100
2023-08-14T08:06:17,100,0,25,100
2023-08-14T08:18:55,100,0,25,100
2023-08-14T08:31:34,100,0,25,100
2023-08-14T08:44:12,100,0,25,100
2023-08-14T08:56:50,100,0,25,100
2023-08-14T09:09:28,100,0,25,100
2023-08-14T09:22:06,100,0,25,100
2023-08-14T09:34:43,100,0,25,100
2023-08-14T09:47:31,100,0,25,100
2023-08-14T10:00:09,100,0,25,100
2023-08-14T10:12:47,100,0,25,100
2023-08-14T10:25:25,100,0,25,100
2023-08-14T10:38:04,100,0,25,100
2023-08-14T10:50:52,100,0,25,100
2023-08-14T11:03:31,100,0,25,100
2023-08-14T11:16:09,100,0,25,100
2023-08-14T11:28:48,100,0,25,100
2023-08-14T11:41:26,100,0,25,100
2023-08-14T11:54:03,100,0,25,100
2023-08-14T12:06:51,100,0,25,100
2023-08-14T12:19:29,100,0,25,100
2023-08-14T12:32:07,100,0,25,100
2023-08-14T12:44:45,100,0,25,100
2023-08-14T12:57:23,100,0,25,100
2023-08-14T13:10:10,100,0,25,100
2023-08-14T13:22:49,100,0,25,100
2023-08-14T13:35:27,100,0,25,100
2023-08-14T13:48:05,100,0,25,100
2023-08-14T14:00:55,100,0,25,100
2023-08-14T14:13:34,100,0,25,100
2023-08-14T14:26:12,100,0,25,100
2023-08-14T14:38:51,100,0,25,100
2023-08-14T14:51:30,100,0,25,100
2023-08-14T15:04:09,100,0,25,100
2023-08-14T15:16:58,100,0,25,100
2023-08-14T15:29:36,100,0,25,100
2023-08-14T15:42:14,100,0,25,100
2023-08-14T15:54:54,100,0,25,100
2023-08-14T16:07:32,100,0,25,100
2023-08-14T16:20:10,100,0,25,100
2023-08-14T16:33:00,100,0,25,100
2023-08-14T16:45:39,100,0,25,100
2023-08-14T16:58:18,100,0,25,100
2023-08-14T17:10:57,100,0,25,100
2023-08-14T17:23:37,100,0,25,100
2023-08-14T17:36:16,100,0,25,100
2023-08-14T17:48:54,100,0,25,100
2023-08-14T18:01:33,100,0,25,100
2023-08-14T18:14:12,100,0,25,100
2023-08-14T18:27:00,100,0,25,100
2023-08-14T18:39:39,100,0,25,100
2023-08-14T18:52:17,100,0,25,100
2023-08-14T19:04:56,100,0,25,100
2023-08-14T19:17:35,100,0,25,100
2023-08-14T19:30:13,100,0,25,100
2023-08-14T19:43:02,100,0,25,100
2023-08-14T19:55:40,100,0,25,100
2023-08-14T20:08:18,100,0,25,100
2023-08-14T20:20:56,100,0,25,100
2023-08-14T20:33:34,100,0,25,100
2023-08-14T20:46:23,100,0,25,100
2023-08-14T20:59:02,100,0,25,100
2023-08-14T21:11:41,100,0,25,100
2023-08-14T21:24:19,100,0,25,100
2023-08-14T21:36:58,100,0,25,100
2023-08-14T21:49:36,100,0,25,100
2023-08-14T22:02:14,100,0,25,100
2023-08-14T22:15:03,100,0,25,100
2023-08-14T22:27:42,100,0,25,100
2023-08-14T22:40:20,100,0,25,100
2023-08-14T22:52:59,100,0,25,100
2023-08-14T23:05:39,100,0,25,100
2023-08-14T23:18:19,100,0,25,100
2023-08-14T23:30:59,100,0,25,100
2023-08-14T23:43:38,100,0,25,100
2023-08-14T23:56:17,100,0,25,100
2023-08-15T00:08:58,100,0,25,100
2023-08-15T00:21:50,100,0,25,100
2023-08-15T00:34:33,100,0,25,100
2023-08-15T00:47:15,100,0,25,100
2023-08-15T00:59:59,100,0,25,100
2023-08-15T01:12:42,100,0,25,100
2023-08-15T01:25:23,100,0,25,100
2023-08-15T01:38:06,100,0,25,100
2023-08-15T01:50:48,100,0,25,100
2023-08-15T02:03:33,100,0,25,100
2023-08-15T02:16:14,100,0,25,100
2023-08-15T02:28:54,100,0,25,100
2023-08-15T02:41:36,100,0,25,100
2023-08-15T02:54:15,100,0,25,100
2023-08-15T03:06:53,100,0,25,100
2023-08-15T03:19:35,100,0,25,100
2023-08-15T03:32:15,100,0,25,100
2023-08-15T03:44:55,100,0,25,100
2023-08-15T03:57:37,100,0,25,100
2023-08-15T04:12:23,100,0,25,100
2023-08-15T04:36:54,100,0,25,100
2023-08-15T04:49:40,100,0,25,100
2023-08-15T05:02:24,100,0,25,100
2023-08-15T05:15:05,100,0,25,100
2023-08-15T05:27:46,100,0,25,100
2023-08-15T05:40:25,100,0,25,100
2023-08-15T05:53:04,100,0,25,100
2023-08-15T06:05:42,100,0,25,100
2023-08-15T06:18:24,100,0,25,100
2023-08-15T06:31:06,100,0,25,100
2023-08-15T06:43:47,100,0,25,100
2023-08-15T06:56:29,100,0,25,100
2023-08-15T07:09:18,100,0,25,100
2023-08-15T07:21:59,100,0,25,100
2023-08-15T07:34:40,100,0,25,100
2023-08-15T07:47:28,100,0,25,100
2023-08-15T08:00:08,100,0,25,100
2023-08-15T08:12:50,100,0,25,100
2023-08-15T08:25:29,100,0,25,100
2023-08-15T08:38:11,100,0,25,100
2023-08-15T08:50:53,100,0,25,100
2023-08-15T09:03:36,100,0,25,100
2023-08-15T09:16:18,100,0,25,100
2023-08-15T09:29:04,100,0,25,100
2023-08-15T09:41:46,100,0,25,100
2023-08-15T09:54:29,100,0,25,100
2023-08-15T10:07:23,100,0,25,100
2023-08-15T10:20:04,100,0,25,100
2023-08-15T10:32:50,100,0,25,100
2023-08-15T10:45:31,100,0,25,100
2023-08-15T10:58:12,100,0,25,100
2023-08-15T11:10:52,100,0,25,100
2023-08-15T11:23:32,100,0,25,100
2023-08-15T11:36:12,100,0,25,100
2023-08-15T11:48:52,100,0,25,100
2023-08-15T12:01:31,100,0,25,100
2023-08-15T12:14:21,100,0,25,100
2023-08-15T12:26:59,100,0,25,100
2023-08-15T12:39:37,100,0,25,100
2023-08-15T12:52:16,100,0,25,100
2023-08-15T13:04:54,100,0,25,100
2023-08-15T13:17:32,100,0,25,100
2023-08-15T13:30:11,100,0,25,100
2023-08-15T13:43:00,100,0,25,100
2023-08-15T13:55:39,100,0,25,100
2023-08-15T14:08:19,100,0,25,100
2023-08-15T14:20:57,100,0,25,100
2023-08-15T14:33:38,100,0,25,100
2023-08-15T14:46:17,100,0,25,100
2023-08-15T14:58:56,100,0,25,100
2023-08-15T15:11:35,100,0,25,100
2023-08-15T15:24:24,100,0,25,100
2023-08-15T15:37:03,100,0,25,100
2023-08-15T15:49:42,100,0,25,100
2023-08-15T16:02:22,100,0,25,100
2023-08-15T16:15:01,100,0,25,100
2023-08-15T16:27:41,100,0,25,100
2023-08-15T16:40:20,100,0,25,100
2023-08-15T16:52:59,100,0,25,100
2023-08-15T17:05:50,100,0,25,100
2023-08-15T17:18:30,100,0,25,100
2023-08-15T17:31:08,100,0,25,100
2023-08-15T17:43:47,100,0,25,100
2023-08-15T17:56:25,100,0,25,100
2023-08-15T18:09:05,100,0,25,100
2023-08-15T18:21:43,100,0,25,100
2023-08-15T18:34:22,100,0,25,100
2023-08-15T18:47:00,100,0,25,100
2023-08-15T18:59:48,100,0,25,100
2023-08-15T19:12:28,100,0,25,100
2023-08-15T19:25:07,100,0,25,100
2023-08-15T19:37:46,100,0,25,100
2023-08-15T19:50:25,100,0,25,100
2023-08-15T20:03:03,100,0,25,100
2023-08-15T20:15:42,100,0,25,100
2023-08-15T20:28:20,100,0,25,100
2023-08-15T20:40:59,100,0,25,100
2023-08-15T20:53:37,100,0,25,100
2023-08-15T21:06:26,100,0,25,100
2023-08-15T21:19:04,100,0,25,100
2023-08-15T21:31:42,100,0,25,100
2023-08-15T21:44:20,100,0,25,100
2023-08-15T21:56:59,100,0,25,100
2023-08-15T22:09:39,100,0,25,100
2023-08-15T22:22:18,100,0,25,100
2023-08-15T22:34:56,100,0,25,100
2023-08-15T22:47:34,100,0,25,100
2023-08-15T23:00:24,100,0,25,100
2023-08-15T23:13:05,100,0,25,100
2023-08-15T23:25:44,100,0,25,100
2023-08-15T23:38:23,100,0,25,100
2023-08-15T23:51:03,100,0,25,100
2023-08-16T00:03:42,100,0,25,100
2023-08-16T00:16:25,100,0,25,100
2023-08-16T00:29:08,100,0,25,100
2023-08-16T00:41:51,100,0,25,100
2023-08-16T00:54:34,100,0,25,100
2023-08-16T01:07:29,100,0,25,100
2023-08-16T01:20:12,100,0,25,100
2023-08-16T01:32:55,100,0,25,100
2023-08-16T01:45:39,100,0,25,100
2023-08-16T01:58:22,100,0,25,100
2023-08-16T02:11:13,100,0,25,100
2023-08-16T02:23:53,100,0,25,100
2023-08-16T02:36:32,100,0,25,100
2023-08-16T02:49:11,100,0,25,100
2023-08-16T03:02:02,100,0,25,100
2023-08-16T03:14:41,100,0,25,100
2023-08-16T03:27:20,100,0,25,100
2023-08-16T03:39:59,100,0,25,100
2023-08-16T03:52:41,100,0,25,100
2023-08-16T04:05:24,100,0,25,100
2023-08-16T04:26:43,100,0,25,100
2023-08-16T04:39:51,100,0,25,100
2023-08-16T04:52:39,100,0,25,100
2023-08-16T05:05:22,100,0,25,100
2023-08-16T05:18:04,100,0,25,100
2023-08-16T05:30:54,100,0,25,100
2023-08-16T05:43:38,100,0,25,100
2023-08-16T05:56:21,100,0,25,100
2023-08-16T06:09:13,100,0,25,100
2023-08-16T06:21:56,100,0,25,100
2023-08-16T06:34:39,100,0,25,100
2023-08-16T06:47:21,100,0,25,100
2023-08-16T07:00:13,100,0,25,100
2023-08-16T07:12:55,100,0,25,100
2023-08-16T07:25:36,100,0,25,100
2023-08-16T07:38:16,100,0,25,100
2023-08-16T07:50:57,100,0,25,100
2023-08-16T08:03:47,100,0,25,100
2023-08-16T08:16:27,100,0,25,100
2023-08-16T08:29:07,100,0,25,100
2023-08-16T08:41:48,100,0,25,100
2023-08-16T08:54:39,100,0,25,100
2023-08-16T09:07:18,100,0,25,100
2023-08-16T09:19:59,100,0,25,100
2023-08-16T09:32:47,100,0,25,100
2023-08-16T09:45:26,100,0,25,100
2023-08-16T09:58:04,100,0,25,100
2023-08-16T10:10:43,100,0,25,100
2023-08-16T10:23:30,100,0,25,100
2023-08-16T10:36:09,100,0,25,100
2023-08-16T10:48:48,100,0,25,100
2023-08-16T11:01:35,100,0,25,100
2023-08-16T11:14:13,100,0,25,100
2023-08-16T11:26:51,100,0,25,100
2023-08-16T11:39:39,100,0,25,100
2023-08-16T11:52:18,100,0,25,100
2023-08-16T12:04:57,100,0,25,100
2023-08-16T12:17:45,100,0,25,100
2023-08-16T12:30:24,100,0,25,100
2023-08-16T12:43:02,100,0,25,100
2023-08-16T12:55:50,100,0,25,100
2023-08-16T13:08:28,100,0,25,100
2023-08-16T13:21:07,100,0,25,100
2023-08-16T13:33:45,100,0,25,100
2023-08-16T13:46:27,100,0,25,100
2023-08-16T13:59:07,100,0,25,100
2023-08-16T14:11:45,100,0,25,100
2023-08-16T14:24:23,100,0,25,100
2023-08-16T14:37:11,100,0,25,100
2023-08-16T14:49:50,100,0,25,100
2023-08-16T15:02:28,100,0,25,100
2023-08-16T15:15:07,100,0,25,100
2023-08-16T15:27:48,100,0,25,100
2023-08-16T15:40:27,100,0,26,100
2023-08-16T15:53:06,100,0,26,100
2023-08-16T16:05:45,100,0,26,100
2023-08-16T16:18:24,100,0,26,100
2023-08-16T16:31:13,100,0,26,100
2023-08-16T16:43:52,100,0,26,100
2023-08-16T16:56:31,100,0,26,100
2023-08-16T17:09:11,100,0,26,100
2023-08-16T17:21:50,100,0,26,100
2023-08-16T17:34:29,100,0,26,100
2023-08-16T17:47:08,100,0,26,100
2023-08-16T17:59:46,100,0,26,100
2023-08-16T18:12:25,100,0,26,100
2023-08-16T18:25:14,100,0,26,100
2023-08-16T18:37:53,100,0,26,100
2023-08-16T18:50:32,100,0,26,100
2023-08-16T19:03:11,100,0,26,100
2023-08-16T19:15:52,100,0,26,100
2023-08-16T19:28:32,100,0,26,100
2023-08-16T19:41:12,100,0,26,100
2023-08-16T19:53:52,100,0,26,100
2023-08-16T20:06:31,100,0,26,100
2023-08-16T20:19:10,100,0,26,100
2023-08-16T20:31:59,100,0,26,100
2023-08-16T20:44:38,100,0,26,100
2023-08-16T20:57:18,100,0,26,100
2023-08-16T21:09:57,100,0,26,100
2023-08-16T21:22:36,100,0,26,100
2023-08-16T21:35:16,100,0,26,100
2023-08-16T21:47:55,100,0,26,100
2023-08-16T22:00:35,100,0,26,100
2023-08-16T22:13:13,100,0,26,100
2023-08-16T22:25:52,100,0,26,100
2023-08-16T22:38:40,100,0,26,100
2023-08-16T22:51:19,100,0,26,100
2023-08-16T23:03:59,100,0,26,100
2023-08-16T23:16:41,100,0,26,100
2023-08-16T23:29:20,100,0,26,100
2023-08-16T23:42:00,100,0,26,100
2023-08-16T23:54:41,100,0,26,100
2023-08-17T00:07:22,100,0,26,100
2023-08-17T00:20:08,100,0,26,100
2023-08-17T00:32:52,100,0,26,100
2023-08-17T00:45:35,100,0,26,100
2023-08-17T00:58:29,100,0,26,100
2023-08-17T01:11:13,100,0,26,100
2023-08-17T01:23:55,100,0,26,100
2023-08-17T01:36:39,100,0,26,100
2023-08-17T01:49:22,100,0,26,100
2023-08-17T02:02:05,100,0,26,100
2023-08-17T02:14:46,100,0,26,100
2023-08-17T02:27:26,100,0,26,100
2023-08-17T02:40:06,100,0,26,100
2023-08-17T02:52:46,100,0,26,100
2023-08-17T03:05:31,100,0,26,100
2023-08-17T03:18:15,100,0,26,100
2023-08-17T03:31:00,100,0,26,100
2023-08-17T03:43:42,100,0,26,100
2023-08-17T03:56:25,100,0,26,100
2023-08-17T04:19:33,100,0,26,100
2023-08-17T04:32:42,100,0,26,100
2023-08-17T04:45:28,100,0,26,100
2023-08-17T04:58:11,100,0,26,100
2023-08-17T05:10:56,100,0,26,100
2023-08-17T05:23:39,100,0,26,100
2023-08-17T05:36:23,100,0,26,100
2023-08-17T05:49:07,100,0,26,100
2023-08-17T06:01:49,100,0,26,100
2023-08-17T06:14:31,100,0,26,100
2023-08-17T06:27:13,100,0,26,100
2023-08-17T06:39:59,100,0,26,100
2023-08-17T06:52:42,100,0,26,100
2023-08-17T07:05:24,100,0,26,100
2023-08-17T07:18:10,100,0,26,100
2023-08-17T07:31:05,100,0,26,100
2023-08-17T07:43:45,100,0,26,100
2023-08-17T07:56:35,100,0,26,100
2023-08-17T08:09:15,100,0,26,100
2023-08-17T08:21:53,100,0,26,100
2023-08-17T08:34:33,100,0,26,100
2023-08-17T08:47:13,100,0,26,100
2023-08-17T08:59:52,100,0,26,100
2023-08-17T09:12:32,100,0,26,100
2023-08-17T09:25:11,100,0,26,100
2023-08-17T09:37:50,100,0,26,100
2023-08-17T09:50:32,100,0,26,100
2023-08-17T10:03:12,100,0,26,100
2023-08-17T10:16:04,100,0,26,100
2023-08-17T10:28:43,100,0,26,100
2023-08-17T10:41:22,100,0,26,100
2023-08-17T10:54:01,100,0,26,100
2023-08-17T11:06:40,100,0,26,100
2023-08-17T11:19:19,100,0,26,100
2023-08-17T11:31:58,100,0,26,100
2023-08-17T11:44:38,100,0,26,100
2023-08-17T11:57:17,100,0,26,100
2023-08-17T12:10:06,100,0,26,100
2023-08-17T12:22:44,100,0,26,100
2023-08-17T12:35:23,100,0,26,100
2023-08-17T12:48:03,100,0,26,100
2023-08-17T13:00:43,100,0,26,100
2023-08-17T13:13:21,100,0,26,100
2023-08-17T13:26:00,100,0,26,100
2023-08-17T13:38:39,100,0,26,100
2023-08-17T13:51:29,100,0,26,100
2023-08-17T14:04:08,100,0,26,100
2023-08-17T14:16:47,100,0,26,100
2023-08-17T14:29:26,100,0,26,100
2023-08-17T14:42:05,100,0,26,100
2023-08-17T14:54:45,100,0,26,100
2023-08-17T15:07:24,100,0,26,100
2023-08-17T15:20:03,100,0,26,100
2023-08-17T15:32:43,100,0,26,100
2023-08-17T15:45:23,100,0,26,100
2023-08-17T15:58:14,100,0,26,100
2023-08-17T16:10:53,100,0,26,100
2023-08-17T16:23:33,100,0,26,100
2023-08-17T16:36:13,100,0,26,100
2023-08-17T16:48:53,100,0,26,100
2023-08-17T17:01:33,100,0,26,100
2023-08-17T17:14:13,100,0,26,100
2023-08-17T17:26:53,100,0,26,100
2023-08-17T17:39:43,100,0,26,100
2023-08-17T17:52:23,100,0,26,100
2023-08-17T18:05:02,100,0,26,100
2023-08-17T18:17:42,100,0,26,100
2023-08-17T18:30:22,100,0,26,100
2023-08-17T18:43:02,100,0,26,100
2023-08-17T18:55:42,100,0,26,100
2023-08-17T19:08:23,100,0,26,100
2023-08-17T19:21:03,100,0,26,100
2023-08-17T19:33:55,100,0,26,100
2023-08-17T19:46:36,100,0,26,100
2023-08-17T19:59:16,100,0,26,100
2023-08-17T20:11:56,100,0,26,100
2023-08-17T20:24:36,100,0,26,100
2023-08-17T20:37:16,100,0,26,100
2023-08-17T20:49:56,100,0,26,100
2023-08-17T21:02:36,100,0,26,100
2023-08-17T21:15:16,100,0,26,100
2023-08-17T21:27:56,100,0,26,100
2023-08-17T21:40:36,100,0,26,100
2023-08-17T21:53:16,100,0,26,100
2023-08-17T22:06:06,100,0,26,100
2023-08-17T22:18:46,100,0,26,100
2023-08-17T22:31:26,100,0,26,100
2023-08-17T22:44:07,100,0,26,100
2023-08-17T22:56:47,100,0,26,100
2023-08-17T23:09:31,100,0,26,100
2023-08-17T23:22:12,100,0,26,100
2023-08-17T23:34:53,100,0,26,100
2023-08-17T23:47:34,100,0,26,100
2023-08-18T00:00:15,100,0,26,100
2023-08-18T00:13:03,100,0,26,100
2023-08-18T00:25:51,100,0,26,100
2023-08-18T00:38:46,100,0,26,100
2023-08-18T00:51:30,100,0,26,100
2023-08-18T01:04:16,100,0,26,100
2023-08-18T01:17:00,100,0,26,100
2023-08-18T01:29:45,100,0,26,100
2023-08-18T01:42:29,100,0,26,100
2023-08-18T01:55:13,100,0,26,100
2023-08-18T02:08:01,100,0,26,100
2023-08-18T02:21:06,100,0,26,100
2023-08-18T02:33:51,100,0,26,100
2023-08-18T02:46:34,100,0,26,100
2023-08-18T02:59:19,100,0,26,100
2023-08-18T03:12:04,100,0,26,100
2023-08-18T03:24:47,100,0,26,100
2023-08-18T03:37:31,100,0,26,100
2023-08-18T03:50:16,100,0,26,100
2023-08-18T04:02:59,100,0,26,100
2023-08-18T04:23:05,100,0,26,100
2023-08-18T04:35:52,100,0,26,100
2023-08-18T04:50:15,100,0,26,100
2023-08-18T05:03:03,100,0,26,100
2023-08-18T05:15:48,100,0,26,100
2023-08-18T05:28:31,100,0,26,100
2023-08-18T05:41:15,100,0,26,100
2023-08-18T05:53:59,100,0,26,100
2023-08-18T06:06:42,100,0,26,100
2023-08-18T06:19:28,100,0,26,100
2023-08-18T06:32:13,100,0,26,100
2023-08-18T06:44:55,100,0,26,100
2023-08-18T06:57:36,100,0,26,100
2023-08-18T07:10:18,100,0,26,100
2023-08-18T07:22:58,100,0,26,100
2023-08-18T07:35:38,100,0,26,100
2023-08-18T07:48:18,100,0,26,100
2023-08-18T08:00:58,100,0,26,100
2023-08-18T08:13:39,100,0,26,100
2023-08-18T08:26:20,100,0,26,100
2023-08-18T08:39:00,100,0,26,100
2023-08-18T08:51:40,100,0,26,100
2023-08-18T09:04:19,100,0,26,100
2023-08-18T09:16:59,100,0,26,100
2023-08-18T09:29:39,100,0,26,100
2023-08-18T09:42:30,100,0,26,100
2023-08-18T09:55:10,100,0,26,100
2023-08-18T10:07:50,100,0,26,100
2023-08-18T10:20:29,100,0,26,100
2023-08-18T10:33:09,100,0,26,100
2023-08-18T10:45:49,100,0,26,100
2023-08-18T10:58:28,100,0,26,100
2023-08-18T11:11:08,100,0,26,100
2023-08-18T11:23:47,100,0,26,100
2023-08-18T11:36:38,100,0,26,100
2023-08-18T11:49:19,100,0,26,100
2023-08-18T12:01:58,100,0,26,100
2023-08-18T12:14:38,100,0,26,100
2023-08-18T12:27:17,100,0,26,100
2023-08-18T12:39:57,100,0,26,100
2023-08-18T12:52:36,100,0,26,100
2023-08-18T13:05:15,100,0,26,100
2023-08-18T13:17:55,100,0,26,100
2023-08-18T13:30:34,100,0,26,100
2023-08-18T13:43:25,100,0,26,100
2023-08-18T13:56:05,100,0,26,100
2023-08-18T14:08:45,100,0,26,100
2023-08-18T14:21:24,100,0,26,100
2023-08-18T14:34:04,100,0,26,100
2023-08-18T14:46:44,100,0,26,100
2023-08-18T14:59:24,100,0,26,100
2023-08-18T15:12:03,100,0,26,100
2023-08-18T15:24:43,100,0,26,100
2023-08-18T15:37:33,100,0,26,100
2023-08-18T15:50:13,100,0,26,100
2023-08-18T16:02:53,100,0,26,100
2023-08-18T16:15:34,100,0,26,100
2023-08-18T16:28:14,100,0,26,100
2023-08-18T16:40:53,100,0,26,100
2023-08-18T16:53:33,100,0,26,100
2023-08-18T17:06:13,100,0,26,100
2023-08-18T17:18:53,100,0,26,100
2023-08-18T17:31:32,100,0,26,100
2023-08-18T17:44:24,100,0,26,100
2023-08-18T17:57:04,100,0,26,100
2023-08-18T18:09:43,100,0,26,100
2023-08-18T18:22:23,100,0,26,100
2023-08-18T18:35:02,100,0,26,100
2023-08-18T18:47:42,100,0,26,100
2023-08-18T19:00:22,100,0,26,100
2023-08-18T19:13:02,100,0,26,100
2023-08-18T19:25:43,100,0,26,100
2023-08-18T19:38:23,100,0,26,100
2023-08-18T19:51:03,100,0,26,100
2023-08-18T20:03:42,100,0,26,100
2023-08-18T20:16:32,100,0,26,100
2023-08-18T20:29:13,100,0,26,100
2023-08-18T20:41:53,100,0,26,100
2023-08-18T20:54:34,100,0,26,100
2023-08-18T21:07:14,100,0,26,100
2023-08-18T21:19:54,100,0,26,100
2023-08-18T21:32:34,100,0,26,100
2023-08-18T21:45:13,100,0,26,100
2023-08-18T21:57:54,100,0,26,100
2023-08-18T22:10:34,100,0,26,100
2023-08-18T22:23:15,100,0,26,100
2023-08-18T22:35:54,100,0,26,100
2023-08-18T22:48:34,100,0,26,100
2023-08-18T23:01:14,100,0,26,100
2023-08-18T23:13:58,100,0,26,100
2023-08-18T23:26:38,100,0,26,100
2023-08-18T23:39:20,100,0,26,100
2023-08-18T23:52:01,100,0,26,100
2023-08-19T00:04:55,100,0,26,100
2023-08-19T00:17:40,100,0,26,100
2023-08-19T00:30:25,100,0,26,100
2023-08-19T00:43:09,100,0,26,100
2023-08-19T00:55:54,100,0,26,100
2023-08-19T01:08:39,100,0,26,100
2023-08-19T01:21:24,100,0,26,100
2023-08-19T01:34:08,100,0,26,100
2023-08-19T01:46:52,100,0,26,100
2023-08-19T01:59:39,100,0,26,100
2023-08-19T02:12:20,100,0,26,100
2023-08-19T02:25:00,100,0,26,100
2023-08-19T02:37:42,100,0,26,100
2023-08-19T02:50:24,100,0,26,100
2023-08-19T03:03:07,100,0,26,100
2023-08-19T03:15:51,100,0,26,100
2023-08-19T03:28:45,100,0,26,100
2023-08-19T03:41:39,100,0,26,100
2023-08-19T03:54:24,100,0,26,100
2023-08-19T04:07:09,100,0,26,100
2023-08-19T04:25:54,100,0,26,100
2023-08-19T04:39:06,100,0,26,100
2023-08-19T04:51:51,100,0,26,100
2023-08-19T05:04:37,100,0,26,100
2023-08-19T05:17:21,100,0,26,100
2023-08-19T05:30:05,100,0,26,100
2023-08-19T05:42:50,100,0,26,100
2023-08-19T05:55:35,100,0,26,100
2023-08-19T06:08:21,100,0,26,100
2023-08-19T06:21:05,100,0,26,100
2023-08-19T06:33:49,100,0,26,100
2023-08-19T06:46:32,100,0,26,100
2023-08-19T06:59:15,100,0,26,100
2023-08-19T07:11:59,100,0,26,100
2023-08-19T07:24:51,100,0,26,100
2023-08-19T07:37:36,100,0,26,100
2023-08-19T07:50:19,100,0,26,100
2023-08-19T08:03:04,100,0,26,100
2023-08-19T08:15:47,100,0,26,100
2023-08-19T08:28:30,100,0,26,100
2023-08-19T08:41:13,100,0,26,100
2023-08-19T08:53:55,100,0,26,100
2023-08-19T09:06:38,100,0,26,100
2023-08-19T09:19:29,100,0,26,100
2023-08-19T09:32:10,100,0,26,100
2023-08-19T09:44:53,100,0,26,100
2023-08-19T09:57:35,100,0,26,100
2023-08-19T10:10:16,100,0,26,100
2023-08-19T10:22:56,100,0,26,100
2023-08-19T10:35:36,100,0,26,100
2023-08-19T10:48:16,100,0,26,100
2023-08-19T11:00:57,100,0,26,100
2023-08-19T11:13:38,100,0,26,100
2023-08-19T11:26:18,100,0,26,100
2023-08-19T11:38:58,100,0,26,100
2023-08-19T11:51:38,100,0,26,100
2023-08-19T12:04:28,100,0,26,100
2023-08-19T12:17:08,100,0,26,100
2023-08-19T12:29:48,100,0,26,100
2023-08-19T12:42:28,100,0,26,100
2023-08-19T12:55:08,100,0,26,100
2023-08-19T13:07:49,100,0,26,100
2023-08-19T13:20:30,100,0,26,100
2023-08-19T13:33:10,100,0,26,100
2023-08-19T13:45:50,100,0,26,100
2023-08-19T13:58:30,100,0,26,100
2023-08-19T14:11:22,100,0,26,100
2023-08-19T14:24:01,100,0,26,100
2023-08-19T14:36:41,100,0,26,100
2023-08-19T14:49:22,100,0,26,100
2023-08-19T15:02:02,100,0,26,100
2023-08-19T15:14:42,100,0,26,100
2023-08-19T15:27:22,100,0,26,100
2023-08-19T15:40:02,100,0,26,100
2023-08-19T15:52:52,100,0,26,100
2023-08-19T16:05:32,100,0,26,100
2023-08-19T16:18:12,100,0,26,100
2023-08-19T16:30:53,100,0,26,100
2023-08-19T16:43:33,100,0,26,100
2023-08-19T16:56:13,100,0,26,100
2023-08-19T17:08:54,100,0,26,100
2023-08-19T17:21:34,100,0,26,100
2023-08-19T17:34:23,100,0,26,100
2023-08-19T17:47:03,100,0,26,100
2023-08-19T17:59:42,100,0,26,100
2023-08-19T18:12:23,100,0,26,100
2023-08-19T18:25:02,100,0,26,100
2023-08-19T18:37:42,100,0,26,100
2023-08-19T18:50:22,100,0,26,100
2023-08-19T19:03:02,100,0,26,100
2023-08-19T19:15:52,100,0,26,100
2023-08-19T19:28:33,100,0,26,100
2023-08-19T19:41:13,100,0,26,100
2023-08-19T19:53:53,100,0,26,100
2023-08-19T20:06:33,100,0,26,100
2023-08-19T20:19:13,100,0,26,100
2023-08-19T20:31:53,100,0,26,100
2023-08-19T20:44:34,100,0,26,100
2023-08-19T20:57:22,100,0,26,100
2023-08-19T21:10:03,100,0,26,100
2023-08-19T21:22:44,100,0,26,100
2023-08-19T21:35:24,100,0,26,100
2023-08-19T21:48:04,100,0,26,100
2023-08-19T22:00:45,100,0,26,100
2023-08-19T22:13:26,100,0,26,100
2023-08-19T22:26:06,100,0,26,100
2023-08-19T22:38:46,100,0,26,100
2023-08-19T22:51:35,100,0,26,100
2023-08-19T23:04:16,100,0,26,100
2023-08-19T23:17:00,100,0,26,100
2023-08-19T23:29:40,100,0,26,100
2023-08-19T23:42:21,100,0,26,100
2023-08-19T23:55:02,100,0,26,100
2023-08-20T00:07:43,100,0,26,100
2023-08-20T00:20:26,100,0,26,100
2023-08-20T00:33:07,100,0,26,100
2023-08-20T00:58:07,100,0,26,100
2023-08-20T01:10:49,100,0,26,100
2023-08-20T01:23:31,100,0,26,100
2023-08-20T01:36:12,100,0,26,100
2023-08-20T01:48:52,100,0,26,100
2023-08-20T02:01:32,100,0,26,100
2023-08-20T02:14:14,100,0,26,100
2023-08-20T02:26:56,100,0,26,100
2023-08-20T02:39:37,100,0,26,100
2023-08-20T02:52:17,100,0,26,100
2023-08-20T03:04:57,100,0,26,100
2023-08-20T03:17:37,100,0,26,100
2023-08-20T03:30:21,100,0,26,100
2023-08-20T03:43:01,100,0,26,100
2023-08-20T03:55:44,100,0,26,100
2023-08-20T04:16:28,100,0,26,100
2023-08-20T04:29:38,100,0,26,100
2023-08-20T04:42:37,100,0,26,100
2023-08-20T04:56:49,100,0,26,100
2023-08-20T05:09:38,100,0,26,100
2023-08-20T05:22:22,100,0,26,100
2023-08-20T05:35:07,100,0,26,100
2023-08-20T05:47:52,100,0,26,100
2023-08-20T06:00:38,100,0,26,100
2023-08-20T06:13:23,100,0,26,100
2023-08-20T06:26:07,100,0,26,100
2023-08-20T06:38:51,100,0,26,100
2023-08-20T06:51:38,100,0,26,100
2023-08-20T07:04:22,100,0,26,100
2023-08-20T07:17:07,100,0,26,100
2023-08-20T07:29:52,100,0,26,100
2023-08-20T07:42:36,100,0,26,100
2023-08-20T07:55:20,100,0,26,100
2023-08-20T08:08:05,100,0,26,100
2023-08-20T08:20:49,100,0,26,100
2023-08-20T08:33:42,100,0,26,100
2023-08-20T08:46:24,100,0,26,100
2023-08-20T08:59:07,100,0,26,100
2023-08-20T09:11:50,100,0,26,100
2023-08-20T09:24:33,100,0,26,100
2023-08-20T09:37:13,100,0,26,100
2023-08-20T09:49:54,100,0,26,100
2023-08-20T10:02:34,100,0,26,100
2023-08-20T10:15:17,100,0,26,100
2023-08-20T10:27:57,100,0,26,100
2023-08-20T10:40:38,100,0,26,100
2023-08-20T10:53:18,100,0,26,100
2023-08-20T11:06:00,100,0,26,100
2023-08-20T11:18:41,100,0,26,100
2023-08-20T11:31:23,100,0,26,100
2023-08-20T11:44:14,100,0,26,100
2023-08-20T11:56:54,100,0,26,100
2023-08-20T12:09:36,100,0,26,100
2023-08-20T12:22:17,100,0,26,100
2023-08-20T12:34:58,100,0,26,100
2023-08-20T12:47:39,100,0,26,100
2023-08-20T13:00:19,100,0,26,100
2023-08-20T13:12:59,100,0,26,100
2023-08-20T13:25:39,100,0,26,100
2023-08-20T13:38:18,100,0,26,100
2023-08-20T13:50:58,100,0,26,100
2023-08-20T14:03:47,100,0,26,100
2023-08-20T14:16:28,100,0,26,100
2023-08-20T14:29:08,100,0,26,100
2023-08-20T14:41:47,100,0,26,100
2023-08-20T14:54:27,100,0,26,100
2023-08-20T15:07:06,100,0,26,100
2023-08-20T15:19:46,100,0,26,100
2023-08-20T15:32:25,100,0,26,100
2023-08-20T15:45:05,100,0,26,100
2023-08-20T15:57:46,100,0,26,100
2023-08-20T16:10:36,100,0,26,100
2023-08-20T16:23:18,100,0,26,100
2023-08-20T16:35:59,100,0,26,100
2023-08-20T16:48:39,100,0,26,100
2023-08-20T17:01:19,100,0,26,100
2023-08-20T17:14:00,100,0,26,100
2023-08-20T17:26:40,100,0,26,100
2023-08-20T17:39:21,100,0,26,100
2023-08-20T17:52:00,100,0,26,100
2023-08-20T18:04:40,100,0,26,100
2023-08-20T18:17:21,100,0,26,100
2023-08-20T18:30:01,100,0,26,100
2023-08-20T18:42:51,100,0,26,100
2023-08-20T18:55:31,100,0,26,100
2023-08-20T19:08:15,100,0,26,100
2023-08-20T19:20:56,100,0,26,100
2023-08-20T19:33:36,100,0,26,100
2023-08-20T19:46:16,100,0,26,100
2023-08-20T19:58:56,100,0,26,100
2023-08-20T20:11:36,100,0,26,100
2023-08-20T20:24:17,100,0,26,100
2023-08-20T20:36:57,100,0,26,100
2023-08-20T20:49:46,100,0,26,100
2023-08-20T21:02:26,100,0,26,100
2023-08-20T21:15:06,100,0,26,100
2023-08-20T21:27:46,100,0,26,100
2023-08-20T21:40:28,100,0,26,100
2023-08-20T21:53:09,100,0,26,100
2023-08-20T22:05:49,100,0,26,100
2023-08-20T22:18:28,100,0,26,100
2023-08-20T22:31:08,100,0,26,100
2023-08-20T22:43:57,100,0,26,100
2023-08-20T22:56:37,100,0,26,100
2023-08-20T23:09:21,100,0,26,100
2023-08-20T23:22:01,100,0,26,100
2023-08-20T23:34:42,100,0,26,100
2023-08-20T23:47:22,100,0,26,100
2023-08-21T00:00:02,100,0,26,100
2023-08-21T00:12:50,100,0,26,100
2023-08-21T00:25:40,100,0,26,100
2023-08-21T00:38:26,100,0,26,100
2023-08-21T00:51:33,100,0,26,100
2023-08-21T01:04:18,100,0,26,100
2023-08-21T01:17:02,100,0,26,100
2023-08-21T01:29:46,100,0,26,100
2023-08-21T01:42:31,100,0,26,100
2023-08-21T01:55:13,100,0,26,100
2023-08-21T02:07:56,100,0,26,100
2023-08-21T02:20:39,100,0,26,100
2023-08-21T02:33:21,100,0,26,100
2023-08-21T02:46:03,100,0,26,100
2023-08-21T02:58:45,100,0,26,100
2023-08-21T03:11:29,100,0,26,100
2023-08-21T03:24:12,100,0,26,100
2023-08-21T03:36:55,100,0,26,100
2023-08-21T03:49:49,100,0,26,100
2023-08-21T04:04:10,100,0,26,100
2023-08-21T04:23:21,100,0,26,100
2023-08-21T04:36:29,100,0,26,100
2023-08-21T04:49:16,100,0,26,100
2023-08-21T05:02:02,100,0,26,100
2023-08-21T05:14:47,100,0,26,100
2023-08-21T05:27:33,100,0,26,100
2023-08-21T05:40:17,100,0,26,100
2023-08-21T05:53:01,100,0,26,100
2023-08-21T06:05:44,100,0,26,100
2023-08-21T06:18:26,100,0,26,100
2023-08-21T06:31:10,100,0,26,100
2023-08-21T06:43:52,100,0,26,100
2023-08-21T06:56:34,100,0,26,100
2023-08-21T07:09:18,100,0,26,100
2023-08-21T07:21:59,100,0,26,100
2023-08-21T07:34:47,100,0,26,100
2023-08-21T07:47:26,100,0,26,100
2023-08-21T08:00:06,100,0,26,100
2023-08-21T08:12:47,100,0,26,100
2023-08-21T08:25:27,100,0,26,100
2023-08-21T08:38:10,100,0,26,100
2023-08-21T08:50:50,100,0,26,100
2023-08-21T09:03:31,100,0,26,100
2023-08-21T09:16:13,100,0,26,100
2023-08-21T09:28:54,100,0,26,100
2023-08-21T09:41:36,100,0,26,100
2023-08-21T09:54:26,100,0,26,100
2023-08-21T10:07:08,100,0,26,100
2023-08-21T10:19:49,100,0,26,100
2023-08-21T10:32:31,100,0,26,100
2023-08-21T10:45:13,100,0,26,100
2023-08-21T10:57:55,100,0,26,100
2023-08-21T11:10:37,100,0,26,100
2023-08-21T11:23:18,100,0,26,100
2023-08-21T11:36:10,100,0,26,100
2023-08-21T11:48:52,100,0,26,100
2023-08-21T12:01:33,100,0,26,100
2023-08-21T12:14:15,100,0,26,100
2023-08-21T12:26:57,100,0,26,100
2023-08-21T12:39:38,100,0,26,100
2023-08-21T12:52:31,100,0,26,100
2023-08-21T13:05:13,100,0,26,100
2023-08-21T13:17:54,100,0,26,100
2023-08-21T13:30:36,100,0,26,100
2023-08-21T13:43:17,100,0,26,100
2023-08-21T13:55:59,100,0,26,100
2023-08-21T14:08:41,100,0,26,100
2023-08-21T14:21:33,100,0,26,100
2023-08-21T14:34:15,100,0,26,100
2023-08-21T14:46:57,100,0,26,100
2023-08-21T14:59:38,100,0,26,100
2023-08-21T15:12:20,100,0,26,100
2023-08-21T15:25:02,100,0,26,100
2023-08-21T15:37:44,100,0,26,100
2023-08-21T15:50:35,100,0,26,100
2023-08-21T16:03:18,100,0,26,100
2023-08-21T16:16:00,100,0,26,100
2023-08-21T16:28:42,100,0,26,100
2023-08-21T16:41:25,100,0,26,100
2023-08-21T16:54:07,100,0,26,100
2023-08-21T17:06:50,100,0,26,100
2023-08-21T17:19:33,100,0,26,100
2023-08-21T17:32:24,100,0,26,100
2023-08-21T17:45:06,100,0,26,100
2023-08-21T17:57:48,100,0,26,100
2023-08-21T18:10:31,100,0,26,100
2023-08-21T18:23:13,100,0,26,100
2023-08-21T18:35:57,100,0,26,100
2023-08-21T18:48:39,100,0,26,100
2023-08-21T19:01:31,100,0,26,100
2023-08-21T19:14:14,100,0,26,100
2023-08-21T19:26:56,100,0,26,100
2023-08-21T19:39:39,100,0,26,100
2023-08-21T19:52:23,100,0,26,100
2023-08-21T20:05:06,100,0,26,100
2023-08-21T20:17:58,100,0,26,100
2023-08-21T20:30:40,100,0,26,100
2023-08-21T20:43:23,100,0,26,100
2023-08-21T20:56:06,100,0,26,100
2023-08-21T21:08:48,100,0,26,100
2023-08-21T21:21:31,100,0,26,100
2023-08-21T21:34:14,100,0,26,100
2023-08-21T21:46:56,100,0,26,100
2023-08-21T21:59:39,100,0,26,100
2023-08-21T22:12:21,100,0,26,100
2023-08-21T22:25:04,100,0,26,100
2023-08-21T22:37:57,100,0,26,100
2023-08-21T22:50:38,100,0,26,100
2023-08-21T23:03:21,100,0,26,100
2023-08-21T23:16:05,100,0,26,100
2023-08-21T23:28:48,100,0,26,100
2023-08-21T23:41:32,100,0,26,100
2023-08-21T23:54:15,100,0,26,100
2023-08-22T00:07:01,100,0,26,100
2023-08-22T00:19:49,100,0,26,100
2023-08-22T00:32:37,100,0,26,100
2023-08-22T00:45:25,100,0,26,100
2023-08-22T00:58:12,100,0,26,100
2023-08-22T01:10:59,100,0,26,100
2023-08-22T01:23:44,100,0,26,100
2023-08-22T01:36:30,100,0,26,100
2023-08-22T01:49:27,100,0,26,100
2023-08-22T02:02:14,100,0,26,100
2023-08-22T02:15:00,100,0,26,100
2023-08-22T02:27:44,100,0,26,100
2023-08-22T02:40:29,100,0,26,100
2023-08-22T02:53:14,100,0,26,100
2023-08-22T03:06:03,100,0,26,100
2023-08-22T03:18:51,100,0,26,100
2023-08-22T03:31:37,100,0,26,100
2023-08-22T03:44:24,100,0,26,100
2023-08-22T03:57:11,100,0,26,100
2023-08-22T04:09:58,100,0,26,100
2023-08-22T04:23:29,100,0,26,100
2023-08-22T04:36:41,100,0,26,100
2023-08-22T04:49:29,100,0,26,100
2023-08-22T05:02:16,100,0,26,100
2023-08-22T05:15:06,100,0,26,100
2023-08-22T05:27:54,100,0,26,100
2023-08-22T05:40:41,100,0,26,100
2023-08-22T05:53:28,100,0,26,100
2023-08-22T06:06:14,100,0,26,100
2023-08-22T06:18:59,100,0,26,100
2023-08-22T06:31:44,100,0,26,100
2023-08-22T06:44:30,100,0,26,100
2023-08-22T06:57:15,100,0,26,100
2023-08-22T07:10:00,100,0,26,100
2023-08-22T07:22:44,100,0,26,100
2023-08-22T07:35:28,100,0,26,100
2023-08-22T07:48:10,100,0,26,100
2023-08-22T08:00:54,100,0,26,100
2023-08-22T08:13:37,100,0,26,100
2023-08-22T08:26:20,100,0,26,100
2023-08-22T08:39:02,100,0,26,100
2023-08-22T08:51:49,100,0,26,100
2023-08-22T09:04:43,100,0,26,100
2023-08-22T09:17:25,100,0,26,100
2023-08-22T09:30:08,100,0,26,100
2023-08-22T09:42:53,100,0,26,100
2023-08-22T09:55:35,100,0,26,100
2023-08-22T10:08:19,100,0,26,100
2023-08-22T10:21:02,100,0,26,100
2023-08-22T10:33:47,100,0,26,100
2023-08-22T10:46:30,100,0,26,100
2023-08-22T10:59:14,100,0,26,100
2023-08-22T11:12:08,100,0,26,100
2023-08-22T11:24:51,100,0,26,100
2023-08-22T11:37:35,100,0,26,100
2023-08-22T11:50:18,100,0,26,100
2023-08-22T12:03:02,100,0,26,100
2023-08-22T12:15:45,100,0,26,100
2023-08-22T12:28:29,100,0,26,100
2023-08-22T12:41:13,100,0,26,100
2023-08-22T12:54:08,100,0,26,100
2023-08-22T13:06:52,100,0,26,100
2023-08-22T13:19:35,100,0,26,100
2023-08-22T13:32:18,100,0,26,100
2023-08-22T13:45:04,100,0,26,100
2023-08-22T13:57:47,100,0,26,100
2023-08-22T14:10:43,100,0,26,100
2023-08-22T14:23:26,100,0,26,100
2023-08-22T14:36:09,100,0,26,100
2023-08-22T14:48:53,100,0,26,100
2023-08-22T15:01:37,100,0,26,100
2023-08-22T15:14:21,100,0,26,100
2023-08-22T15:27:05,100,0,26,100
2023-08-22T15:39:58,100,0,26,100
2023-08-22T15:52:41,100,0,26,100
2023-08-22T16:05:25,100,0,26,100
2023-08-22T16:18:08,100,0,26,100
2023-08-22T16:30:51,100,0,26,100
2023-08-22T16:43:34,100,0,26,100
2023-08-22T16:56:18,100,0,26,100
2023-08-22T17:09:04,100,0,26,100
2023-08-22T17:21:48,100,0,26,100
2023-08-22T17:34:44,100,0,26,100
2023-08-22T17:47:27,100,0,26,100
2023-08-22T18:00:10,100,0,26,100
2023-08-22T18:12:53,100,0,26,100
2023-08-22T18:25:37,100,0,26,100
2023-08-22T18:38:20,100,0,26,100
2023-08-22T18:51:04,100,0,26,100
2023-08-22T19:03:50,100,0,26,100
2023-08-22T19:16:33,100,0,26,100
2023-08-22T19:29:17,100,0,26,100
2023-08-22T19:42:11,100,0,26,100
2023-08-22T19:54:54,100,0,26,100
2023-08-22T20:07:37,100,0,26,100
2023-08-22T20:20:20,100,0,26,100
2023-08-22T20:33:03,100,0,26,100
2023-08-22T20:45:46,100,0,26,100
2023-08-22T20:58:40,100,0,26,100
2023-08-22T21:11:24,100,0,26,100
2023-08-22T21:24:08,100,0,26,100
2023-08-22T21:36:51,100,0,26,100
2023-08-22T21:49:35,100,0,26,100
2023-08-22T22:02:18,100,0,26,100
2023-08-22T22:15:01,100,0,26,100
2023-08-22T22:27:44,100,0,26,100
2023-08-22T22:40:28,100,0,26,100
2023-08-22T22:53:22,100,0,26,100
2023-08-22T23:06:08,100,0,26,100
2023-08-22T23:18:52,100,0,26,100
2023-08-22T23:31:36,100,0,26,100
2023-08-22T23:44:19,100,0,26,100
2023-08-22T23:57:03,100,0,26,100
2023-08-23T00:09:48,100,0,26,100
2023-08-23T00:22:34,100,0,26,100
2023-08-23T00:35:21,100,0,26,100
2023-08-23T00:48:09,100,0,26,100
2023-08-23T01:00:56,100,0,26,100
2023-08-23T01:13:44,100,0,26,100
2023-08-23T01:26:37,100,0,26,100
2023-08-23T01:39:25,100,0,26,100
2023-08-23T01:52:13,100,0,26,100
2023-08-23T02:05:00,100,0,26,100
2023-08-23T02:17:54,100,0,26,100
2023-08-23T02:30:39,100,0,26,100
2023-08-23T02:43:35,100,0,26,100
2023-08-23T02:56:28,100,0,26,100
2023-08-23T03:09:16,100,0,26,100
2023-08-23T03:22:13,100,0,26,100
2023-08-23T03:35:10,100,0,26,100
2023-08-23T03:47:57,100,0,26,100
2023-08-23T04:00:44,100,0,26,100
2023-08-23T04:13:30,100,0,26,100
2023-08-23T04:26:02,100,0,26,100
2023-08-23T04:38:51,100,0,26,100
2023-08-23T04:53:18,100,0,26,100
2023-08-23T05:06:07,100,0,26,100
2023-08-23T05:18:57,100,0,26,100
2023-08-23T05:31:45,100,0,26,100
2023-08-23T05:44:39,100,0,26,100
2023-08-23T05:57:26,100,0,26,100
2023-08-23T06:10:14,100,0,26,100
2023-08-23T06:23:09,100,0,26,100
2023-08-23T06:35:56,100,0,26,100
2023-08-23T06:48:42,100,0,26,100
2023-08-23T07:01:29,100,0,26,100
2023-08-23T07:14:23,100,0,26,100
2023-08-23T07:27:07,100,0,26,100
2023-08-23T07:39:52,100,0,26,100
2023-08-23T07:52:35,100,0,26,100
2023-08-23T08:05:18,100,0,26,100
2023-08-23T08:18:01,100,0,26,100
2023-08-23T08:30:45,100,0,26,100
2023-08-23T08:43:29,100,0,26,100
2023-08-23T08:56:22,100,0,26,100
2023-08-23T09:09:07,100,0,26,100
2023-08-23T09:21:50,100,0,26,100
2023-08-23T09:34:35,100,0,26,100
2023-08-23T09:47:17,100,0,26,100
2023-08-23T10:00:00,100,0,26,100
2023-08-23T10:12:43,100,0,26,100
2023-08-23T10:25:26,100,0,26,100
2023-08-23T10:38:10,100,0,26,100
2023-08-23T10:50:53,100,0,26,100
2023-08-23T11:03:49,100,0,26,100
2023-08-23T11:16:32,100,0,26,100
2023-08-23T11:29:24,100,0,26,100
2023-08-23T11:42:07,100,0,26,100
2023-08-23T11:54:52,100,0,26,100
2023-08-23T12:07:36,100,0,26,100
2023-08-23T12:20:20,100,0,26,100
2023-08-23T12:33:05,100,0,26,100
2023-08-23T12:46:02,100,0,26,100
2023-08-23T12:58:46,100,0,26,100
2023-08-23T13:11:30,100,0,26,100
2023-08-23T13:24:14,100,0,26,100
2023-08-23T13:36:58,100,0,26,100
2023-08-23T13:49:41,100,0,26,100
2023-08-23T14:02:25,100,0,26,100
2023-08-23T14:15:10,100,0,26,100
2023-08-23T14:27:54,100,0,26,100
2023-08-23T14:40:48,100,0,26,100
2023-08-23T14:53:33,100,0,26,100
2023-08-23T15:06:17,100,0,26,100
2023-08-23T15:19:01,100,0,26,100
2023-08-23T15:31:45,100,0,26,100
2023-08-23T15:44:30,100,0,26,100
2023-08-23T15:57:14,100,0,26,100
2023-08-23T16:09:58,100,0,26,100
2023-08-23T16:22:43,100,0,26,100
2023-08-23T16:35:39,100,0,26,100
2023-08-23T16:48:24,100,0,26,100
2023-08-23T17:01:08,100,0,26,100
2023-08-23T17:13:53,100,0,26,100
2023-08-23T17:26:37,100,0,26,100
2023-08-23T17:39:21,100,0,26,100
2023-08-23T17:52:05,100,0,26,100
2023-08-23T18:04:50,100,0,26,100
2023-08-23T18:17:34,100,0,26,100
2023-08-23T18:30:28,100,0,26,100
2023-08-23T18:43:11,100,0,26,100
2023-08-23T18:55:55,100,0,26,100
2023-08-23T19:08:40,100,0,26,100
2023-08-23T19:21:24,100,0,26,100
2023-08-23T19:34:08,100,0,26,100
2023-08-23T19:46:52,100,0,26,100
2023-08-23T19:59:35,100,0,26,100
2023-08-23T20:12:20,100,0,26,100
2023-08-23T20:25:13,100,0,26,100
2023-08-23T20:37:57,100,0,26,100
2023-08-23T20:50:40,100,0,26,100
2023-08-23T21:03:25,100,0,26,100
2023-08-23T21:16:09,100,0,26,100
2023-08-23T21:28:53,100,0,26,100
2023-08-23T21:41:36,100,0,26,100
2023-08-23T21:54:20,100,0,26,100
2023-08-23T22:07:04,100,0,26,100
2023-08-23T22:19:48,100,0,26,100
2023-08-23T22:32:43,100,0,26,100
2023-08-23T22:45:26,100,0,26,100
2023-08-23T22:58:10,100,0,26,100
2023-08-23T23:10:59,100,0,26,100
2023-08-23T23:23:43,100,0,26,100
2023-08-23T23:36:29,100,0,26,100
2023-08-23T23:49:14,100,0,26,100
2023-08-24T00:02:00,100,4,26,104
2023-08-24T00:14:48,100,4,26,104
2023-08-24T00:27:37,100,4,26,104
2023-08-24T00:40:26,100,4,26,104
2023-08-24T00:53:14,100,4,26,104
2023-08-24T01:06:04,100,4,26,104
2023-08-24T01:18:51,100,4,26,104
2023-08-24T01:31:50,100,4,26,104
2023-08-24T01:44:38,100,4,26,104
2023-08-24T01:57:27,100,4,26,104
2023-08-24T02:10:13,100,4,26,104
2023-08-24T02:22:59,100,4,26,104
2023-08-24T02:35:46,100,4,26,104
2023-08-24T02:48:33,100,4,26,104
2023-08-24T03:01:30,100,4,26,104
2023-08-24T03:14:19,100,4,26,104
2023-08-24T03:27:08,100,4,26,104
2023-08-24T03:39:56,100,4,26,104
2023-08-24T03:52:43,100,4,26,104
2023-08-24T04:05:31,100,4,26,104
2023-08-24T04:22:22,100,4,26,104
2023-08-24T04:36:35,100,4,26,104
2023-08-24T04:49:31,100,4,26,104
2023-08-24T05:02:20,100,4,26,104
2023-08-24T05:15:10,100,4,26,104
2023-08-24T05:27:59,100,4,26,104
2023-08-24T05:40:47,100,4,26,104
2023-08-24T05:53:36,100,4,26,104
2023-08-24T06:06:24,100,4,26,104
2023-08-24T06:19:12,100,4,26,104
2023-08-24T06:31:58,100,4,26,104
2023-08-24T06:44:46,100,4,26,104
2023-08-24T06:57:33,100,4,26,104
2023-08-24T07:10:21,100,4,26,104
2023-08-24T07:23:06,100,4,26,104
2023-08-24T07:35:50,100,4,26,104
2023-08-24T07:48:33,100,4,26,104
2023-08-24T08:01:16,100,4,26,104
2023-08-24T08:14:01,100,4,26,104
2023-08-24T08:26:46,100,4,26,104
2023-08-24T08:39:30,100,4,26,104
2023-08-24T08:52:14,100,4,26,104
2023-08-24T09:05:07,100,4,26,104
2023-08-24T09:17:51,100,4,26,104
2023-08-24T09:30:44,100,4,26,104
2023-08-24T09:43:28,100,4,26,104
2023-08-24T09:56:12,100,4,26,104
2023-08-24T10:09:07,100,4,26,104
2023-08-24T10:22:00,100,4,26,104
2023-08-24T10:34:43,100,4,26,104
2023-08-24T10:47:35,100,4,26,104
2023-08-24T11:00:20,100,4,26,104
2023-08-24T11:13:14,100,4,26,104
2023-08-24T11:26:07,100,4,26,104
2023-08-24T11:38:52,100,4,26,104
2023-08-24T11:51:47,100,4,26,104
2023-08-24T12:04:44,100,4,26,104
2023-08-24T12:17:38,100,4,26,104
2023-08-24T12:30:22,100,4,26,104
2023-08-24T12:43:15,100,4,26,104
2023-08-24T12:56:00,100,4,26,104
2023-08-24T13:08:53,100,4,26,104
2023-08-24T13:21:37,100,4,26,104
2023-08-24T13:34:32,100,4,26,104
2023-08-24T13:47:16,100,4,26,104
2023-08-24T14:00:10,100,4,26,104
2023-08-24T14:12:55,100,4,26,104
2023-08-24T14:25:48,100,4,26,104
2023-08-24T14:38:42,100,4,26,104
2023-08-24T14:51:37,100,4,26,104
2023-08-24T15:04:21,100,4,26,104
2023-08-24T15:17:05,100,4,26,104
2023-08-24T15:29:59,100,4,26,104
2023-08-24T15:42:43,100,4,26,104
2023-08-24T15:55:29,100,4,26,104
2023-08-24T16:08:23,100,4,26,104
2023-08-24T16:21:07,100,4,26,104
2023-08-24T16:33:52,100,4,26,104
2023-08-24T16:46:35,100,4,26,104
2023-08-24T16:59:19,100,4,26,104
2023-08-24T17:12:06,100,4,26,104
2023-08-24T17:24:50,100,4,26,104
2023-08-24T17:37:35,100,4,26,104
2023-08-24T17:50:29,100,4,26,104
2023-08-24T18:03:13,100,4,26,104
2023-08-24T18:15:58,100,4,26,104
2023-08-24T18:28:43,100,4,26,104
2023-08-24T18:41:27,100,4,26,104
2023-08-24T18:54:13,100,4,26,104
2023-08-24T19:06:58,100,4,26,104
2023-08-24T19:19:43,100,4,26,104
2023-08-24T19:32:27,100,4,26,104
2023-08-24T19:45:24,100,4,26,104
2023-08-24T19:58:08,100,4,26,104
2023-08-24T20:10:51,100,4,26,104
2023-08-24T20:23:36,100,4,26,104
2023-08-24T20:36:20,100,4,26,104
2023-08-24T20:49:05,100,4,26,104
2023-08-24T21:01:50,100,4,26,104
2023-08-24T21:14:34,100,4,26,104
2023-08-24T21:27:19,100,4,26,104
2023-08-24T21:40:03,100,4,26,104
2023-08-24T21:52:58,100,4,26,104
2023-08-24T22:05:41,100,4,26,104
2023-08-24T22:18:39,100,4,26,104
2023-08-24T22:31:24,100,4,26,104
2023-08-24T22:44:09,100,4,26,104
2023-08-24T22:56:52,100,4,26,104
2023-08-24T23:09:40,100,4,26,104
2023-08-24T23:22:25,100,4,26,104
2023-08-24T23:35:09,100,4,26,104
2023-08-24T23:48:04,100,4,26,104
2023-08-25T00:00:48,100,4,26,104
2023-08-25T00:13:36,100,4,26,104
2023-08-25T00:26:26,100,4,26,104
2023-08-25T00:39:14,100,4,26,104
2023-08-25T00:52:02,100,4,26,104
2023-08-25T01:04:52,100,4,26,104
2023-08-25T01:17:42,100,4,26,104
2023-08-25T01:30:32,100,4,26,104
2023-08-25T01:43:21,100,4,26,104
2023-08-25T01:56:09,100,4,26,104
2023-08-25T02:08:57,100,4,26,104
2023-08-25T02:21:55,100,4,26,104
2023-08-25T02:34:44,100,4,26,104
2023-08-25T02:47:41,100,4,26,104
2023-08-25T03:00:29,100,4,26,104
2023-08-25T03:13:17,100,4,26,104
2023-08-25T03:26:05,100,4,26,104
2023-08-25T03:38:52,100,4,26,104
2023-08-25T03:51:40,100,4,26,104
2023-08-25T04:04:28,100,4,26,104
2023-08-25T04:17:15,100,4,26,104
2023-08-25T04:28:31,100,4,26,104
2023-08-25T04:41:21,100,4,26,104
2023-08-25T04:55:54,100,4,26,104
2023-08-25T05:08:47,100,4,26,104
2023-08-25T05:21:35,100,4,26,104
2023-08-25T05:34:24,100,4,26,104
2023-08-25T05:47:12,100,4,26,104
2023-08-25T06:00:02,100,4,26,104
2023-08-25T06:12:50,100,4,26,104
2023-08-25T06:25:38,100,4,26,104
2023-08-25T06:38:26,100,4,26,104
2023-08-25T06:51:12,100,4,26,104
2023-08-25T07:03:57,100,4,26,104
2023-08-25T07:16:41,100,4,26,104
2023-08-25T07:29:26,100,4,26,104
2023-08-25T07:42:18,100,4,26,104
2023-08-25T07:55:04,100,4,26,104
2023-08-25T08:07:49,100,4,26,104
2023-08-25T08:20:33,100,4,26,104
2023-08-25T08:33:18,100,4,26,104
2023-08-25T08:46:02,100,4,26,104
2023-08-25T08:58:46,100,4,26,104
2023-08-25T09:11:31,100,4,26,104
2023-08-25T09:24:15,100,4,26,104
2023-08-25T09:37:11,100,4,26,104
2023-08-25T09:49:55,100,4,26,104
2023-08-25T10:02:40,100,4,26,104
2023-08-25T10:15:24,100,4,26,104
2023-08-25T10:28:08,100,4,26,104
2023-08-25T10:40:52,100,4,26,104
2023-08-25T10:53:36,100,4,26,104
2023-08-25T11:06:21,100,4,26,104
2023-08-25T11:19:15,100,4,26,104
2023-08-25T11:32:00,100,4,26,104
2023-08-25T11:44:43,100,4,26,104
2023-08-25T11:57:27,100,4,26,104
2023-08-25T12:10:11,100,4,26,104
2023-08-25T12:22:56,100,4,26,104
2023-08-25T12:35:41,100,4,26,104
2023-08-25T12:48:35,100,4,26,104
2023-08-25T13:01:20,100,4,26,104
2023-08-25T13:14:05,100,4,26,104
2023-08-25T13:26:50,100,4,26,104
2023-08-25T13:39:34,100,4,26,104
2023-08-25T13:52:18,100,4,26,104
2023-08-25T14:05:03,100,4,26,104
2023-08-25T14:17:57,100,4,26,104
2023-08-25T14:30:41,100,4,26,104
2023-08-25T14:43:29,100,4,26,104
2023-08-25T14:56:12,100,4,26,104
2023-08-25T15:08:58,100,4,26,104
2023-08-25T15:21:42,100,4,26,104
2023-08-25T15:34:28,100,4,26,104
2023-08-25T15:47:12,100,4,26,104
2023-08-25T16:00:05,100,4,26,104
2023-08-25T16:12:49,100,4,26,104
2023-08-25T16:25:33,100,4,26,104
2023-08-25T16:38:17,100,4,26,104
2023-08-25T16:51:01,100,4,26,104
2023-08-25T17:03:46,100,4,26,104
2023-08-25T17:16:41,100,4,26,104
2023-08-25T17:29:26,100,4,26,104
2023-08-25T17:42:10,100,4,26,104
2023-08-25T17:54:53,100,4,26,104
2023-08-25T18:07:37,100,4,26,104
2023-08-25T18:20:20,100,4,26,104
2023-08-25T18:33:04,100,4,26,104
2023-08-25T18:45:48,100,4,26,104
2023-08-25T18:58:42,100,4,26,104
2023-08-25T19:11:27,100,4,26,104
2023-08-25T19:24:11,100,4,26,104
2023-08-25T19:36:58,100,4,26,104
2023-08-25T19:49:42,100,4,26,104
2023-08-25T20:02:26,100,4,26,104
2023-08-25T20:15:10,100,4,26,104
2023-08-25T20:27:54,100,4,26,104
2023-08-25T20:40:38,100,4,26,104
2023-08-25T20:53:32,100,4,26,104
2023-08-25T21:06:16,100,4,26,104
2023-08-25T21:19:00,100,4,26,104
2023-08-25T21:31:44,100,4,26,104
2023-08-25T21:44:28,100,4,26,104
2023-08-25T21:57:12,100,4,26,104
2023-08-25T22:09:56,100,4,26,104
2023-08-25T22:22:39,100,4,26,104
2023-08-25T22:35:24,100,4,26,104
2023-08-25T22:48:08,100,4,26,104
2023-08-25T23:01:02,100,4,26,104
2023-08-25T23:13:48,100,4,26,104
2023-08-25T23:26:33,100,4,26,104
2023-08-25T23:39:18,100,4,26,104
2023-08-25T23:52:03,100,4,26,104
2023-08-26T00:04:50,100,4,26,104
2023-08-26T00:17:41,100,4,26,104
2023-08-26T00:30:30,100,4,26,104
2023-08-26T00:43:19,100,4,26,104
2023-08-26T00:56:18,100,4,26,104
2023-08-26T01:09:07,100,4,26,104
2023-08-26T01:21:55,100,4,26,104
2023-08-26T01:34:45,100,4,26,104
2023-08-26T01:47:32,100,4,26,104
2023-08-26T02:00:20,100,4,26,104
2023-08-26T02:13:06,100,4,26,104
2023-08-26T02:25:50,100,4,26,104
2023-08-26T02:38:35,100,4,26,104
2023-08-26T02:51:20,100,4,26,104
2023-08-26T03:04:05,100,4,26,104
2023-08-26T03:16:52,100,4,26,104
2023-08-26T03:29:41,100,4,26,104
2023-08-26T03:42:40,100,4,26,104
2023-08-26T03:55:27,100,4,26,104
2023-08-26T04:08:15,100,4,26,104
2023-08-26T04:28:25,100,4,26,104
2023-08-26T04:42:50,100,4,26,104
2023-08-26T04:55:43,100,4,26,104
2023-08-26T05:08:31,100,4,26,104
2023-08-26T05:21:19,100,4,26,104
2023-08-26T05:34:09,100,4,26,104
2023-08-26T05:46:56,100,4,26,104
2023-08-26T05:59:44,100,4,26,104
2023-08-26T06:12:33,100,4,26,104
2023-08-26T06:25:20,100,4,26,104
2023-08-26T06:38:10,100,4,26,104
2023-08-26T06:50:59,100,4,26,104
2023-08-26T07:04:02,100,4,26,104
2023-08-26T07:16:49,100,4,26,104
2023-08-26T07:29:36,100,4,26,104
2023-08-26T07:42:23,100,4,26,104
2023-08-26T07:55:10,100,4,26,104
2023-08-26T08:07:58,100,4,26,104
2023-08-26T08:20:45,100,4,26,104
2023-08-26T08:33:33,100,4,26,104
2023-08-26T08:46:20,100,4,26,104
2023-08-26T08:59:07,100,4,26,104
2023-08-26T09:12:08,100,4,26,104
2023-08-26T09:24:55,100,4,26,104
2023-08-26T09:37:43,100,4,26,104
2023-08-26T09:50:29,100,4,26,104
2023-08-26T10:03:15,100,4,26,104
2023-08-26T10:16:01,100,4,26,104
2023-08-26T10:28:46,100,4,26,104
2023-08-26T10:41:31,100,4,26,104
2023-08-26T10:54:16,100,4,26,104
2023-08-26T11:07:01,100,4,26,104
2023-08-26T11:19:44,100,4,26,104
2023-08-26T11:32:28,100,4,26,104
2023-08-26T11:45:21,100,4,26,104
2023-08-26T11:58:05,100,4,26,104
2023-08-26T12:10:48,100,4,26,104
2023-08-26T12:23:31,100,4,26,104
2023-08-26T12:36:16,100,4,26,104
2023-08-26T12:49:00,100,4,26,104
2023-08-26T13:01:44,100,4,26,104
2023-08-26T13:14:27,100,4,26,104
2023-08-26T13:27:11,100,4,26,104
2023-08-26T13:39:55,100,4,26,104
2023-08-26T13:53:02,100,4,26,104
2023-08-26T14:05:46,100,4,26,104
2023-08-26T14:18:30,100,4,26,104
2023-08-26T14:31:15,100,4,26,104
2023-08-26T14:43:59,100,4,26,104
2023-08-26T14:56:43,100,4,26,104
2023-08-26T15:09:26,100,4,26,104
2023-08-26T15:22:10,100,4,26,104
2023-08-26T15:34:54,100,4,26,104
2023-08-26T15:47:37,100,4,26,104
2023-08-26T16:00:29,100,4,26,104
2023-08-26T16:13:12,100,4,26,104
2023-08-26T16:25:57,100,4,26,104
2023-08-26T16:38:40,100,4,26,104
2023-08-26T16:51:24,100,4,26,104
2023-08-26T17:04:07,100,4,26,104
2023-08-26T17:16:52,100,4,26,104
2023-08-26T17:29:36,100,4,26,104
2023-08-26T17:42:20,100,4,26,104
2023-08-26T17:55:03,100,4,26,104
2023-08-26T18:08:07,100,4,26,104
2023-08-26T18:20:51,100,4,26,104
2023-08-26T18:33:35,100,4,26,104
2023-08-26T18:46:18,100,4,26,104
2023-08-26T18:59:02,100,4,26,104
2023-08-26T19:11:47,100,4,26,104
2023-08-26T19:24:32,100,4,26,104
2023-08-26T19:37:15,100,4,26,104
2023-08-26T19:49:59,100,4,26,104
2023-08-26T20:02:51,100,4,26,104
2023-08-26T20:15:35,100,4,26,104
2023-08-26T20:28:18,100,4,26,104
2023-08-26T20:41:04,100,4,26,104
2023-08-26T20:53:47,100,4,26,104
2023-08-26T21:06:32,100,4,26,104
2023-08-26T21:19:15,100,4,26,104
2023-08-26T21:31:59,100,4,26,104
2023-08-26T21:44:59,100,4,26,104
2023-08-26T21:57:44,100,4,26,104
2023-08-26T22:10:28,100,4,26,104
2023-08-26T22:23:11,100,4,26,104
2023-08-26T22:35:55,100,4,26,104
2023-08-26T22:48:39,100,4,26,104
2023-08-26T23:01:23,100,4,26,104
2023-08-26T23:14:09,100,4,26,104
2023-08-26T23:26:53,100,4,26,104
2023-08-26T23:39:38,100,4,26,104
2023-08-26T23:52:32,100,4,26,104
2023-08-27T00:05:19,100,4,26,104
2023-08-27T00:18:09,100,4,26,104
2023-08-27T00:30:57,100,4,26,104
2023-08-27T00:43:45,100,4,26,104
2023-08-27T00:56:32,100,4,26,104
2023-08-27T01:09:19,100,4,26,104
2023-08-27T01:22:06,100,4,26,104
2023-08-27T01:34:54,100,4,26,104
2023-08-27T01:47:40,100,4,26,104
2023-08-27T02:00:29,100,4,26,104
2023-08-27T02:13:35,100,4,26,104
2023-08-27T02:26:23,100,4,26,104
2023-08-27T02:39:12,100,4,26,104
2023-08-27T02:51:58,100,4,26,104
2023-08-27T03:04:44,100,4,26,104
2023-08-27T03:17:33,100,4,26,104
2023-08-27T03:30:21,100,4,26,104
2023-08-27T03:43:08,100,4,26,104
2023-08-27T03:55:55,100,4,26,104
2023-08-27T04:08:43,100,4,26,104
2023-08-27T04:24:11,100,4,26,104
2023-08-27T04:38:23,100,4,26,104
2023-08-27T04:51:30,100,4,26,104
2023-08-27T05:04:19,100,4,26,104
2023-08-27T05:17:06,100,4,26,104
2023-08-27T05:29:56,100,4,26,104
2023-08-27T05:42:43,100,4,26,104
2023-08-27T05:55:32,100,4,26,104
2023-08-27T06:08:21,100,4,26,104
2023-08-27T06:21:07,100,4,26,104
2023-08-27T06:33:54,100,4,26,104
2023-08-27T06:46:38,100,4,26,104
2023-08-27T06:59:22,100,4,26,104
2023-08-27T07:12:10,100,4,26,104
2023-08-27T07:24:54,100,4,26,104
2023-08-27T07:37:38,100,4,26,104
2023-08-27T07:50:30,100,4,26,104
2023-08-27T08:03:14,100,4,26,104
2023-08-27T08:15:59,100,4,26,104
2023-08-27T08:28:44,100,4,26,104
2023-08-27T08:41:28,100,4,26,104
2023-08-27T08:54:13,100,4,26,104
2023-08-27T09:06:56,100,4,26,104
2023-08-27T09:19:40,100,4,26,104
2023-08-27T09:32:25,100,4,26,104
2023-08-27T09:45:09,100,4,26,104
2023-08-27T09:57:54,100,4,26,104
2023-08-27T10:10:39,100,4,26,104
2023-08-27T10:23:36,100,4,26,104
2023-08-27T10:36:20,100,4,26,104
2023-08-27T10:49:04,100,4,26,104
2023-08-27T11:01:51,100,4,26,104
2023-08-27T11:14:37,100,4,26,104
2023-08-27T11:27:23,100,4,26,104
2023-08-27T11:40:08,100,4,26,104
2023-08-27T11:52:52,100,4,26,104
2023-08-27T12:05:36,100,4,26,104
2023-08-27T12:18:19,100,4,26,104
2023-08-27T12:31:12,100,4,26,104
2023-08-27T12:43:56,100,4,26,104
2023-08-27T12:56:40,100,4,26,104
2023-08-27T13:09:24,100,4,26,104
2023-08-27T13:22:08,100,4,26,104
2023-08-27T13:34:52,100,4,26,104
2023-08-27T13:47:36,100,4,26,104
2023-08-27T14:00:20,100,4,26,104
2023-08-27T14:13:13,100,4,26,104
2023-08-27T14:25:56,100,4,26,104
2023-08-27T14:38:40,100,4,26,104
2023-08-27T14:51:25,100,4,26,104
2023-08-27T15:04:09,100,4,26,104
2023-08-27T15:16:52,100,4,26,104
2023-08-27T15:29:36,100,4,26,104
2023-08-27T15:42:19,100,4,26,104
2023-08-27T15:55:11,100,4,26,104
2023-08-27T16:07:55,100,4,26,104
2023-08-27T16:20:39,100,4,26,104
2023-08-27T16:33:23,100,4,26,104
2023-08-27T16:46:08,100,4,26,104
2023-08-27T16:58:51,100,4,26,104
2023-08-27T17:11:37,100,4,26,104
2023-08-27T17:24:38,100,4,26,104
2023-08-27T17:37:21,100,4,26,104
2023-08-27T17:50:05,100,4,26,104
2023-08-27T18:02:48,100,4,26,104
2023-08-27T18:15:32,100,4,26,104
2023-08-27T18:28:16,100,4,26,104
2023-08-27T18:41:01,100,4,26,104
2023-08-27T18:53:54,100,4,26,104
2023-08-27T19:06:42,100,4,26,104
2023-08-27T19:19:26,100,4,26,104
2023-08-27T19:32:10,100,4,26,104
2023-08-27T19:44:53,100,4,26,104
2023-08-27T19:57:38,100,4,26,104
2023-08-27T20:10:21,100,4,26,104
2023-08-27T20:23:20,100,4,26,104
2023-08-27T20:36:04,100,4,26,104
2023-08-27T20:48:47,100,4,26,104
2023-08-27T21:01:30,100,4,26,104
2023-08-27T21:14:14,100,4,26,104
2023-08-27T21:26:59,100,4,26,104
2023-08-27T21:39:44,100,4,26,104
2023-08-27T21:52:37,100,4,26,104
2023-08-27T22:05:21,100,4,26,104
2023-08-27T22:18:05,100,4,26,104
2023-08-27T22:30:48,100,4,26,104
2023-08-27T22:43:31,100,4,26,104
2023-08-27T22:50:24,100,4,26,104
2023-08-27T23:03:08,100,4,26,104
2023-08-27T23:16:03,100,4,26,104
2023-08-27T23:28:48,100,4,26,104
2023-08-27T23:41:32,100,4,26,104
2023-08-27T23:54:16,100,4,26,104
2023-08-28T00:07:04,100,4,26,104
2023-08-28T00:19:56,100,4,26,104
2023-08-28T00:33:05,100,4,26,104
2023-08-28T00:45:52,100,4,26,104
2023-08-28T00:58:38,100,4,26,104
2023-08-28T01:11:26,100,4,26,104
2023-08-28T01:24:24,100,4,26,104
2023-08-28T01:37:12,100,4,26,104
2023-08-28T01:50:09,100,4,26,104
2023-08-28T02:02:56,100,4,26,104
2023-08-28T02:15:52,100,4,26,104
2023-08-28T02:28:39,100,4,26,104
2023-08-28T02:41:25,100,4,26,104
2023-08-28T02:54:11,100,4,26,104
2023-08-28T03:06:57,100,4,26,104
2023-08-28T03:19:45,100,4,26,104
2023-08-28T03:32:32,100,4,26,104
2023-08-28T03:45:18,100,4,26,104
2023-08-28T03:58:04,100,4,26,104
2023-08-28T04:10:51,100,4,26,104
2023-08-28T04:27:12,100,4,26,104
2023-08-28T04:40:27,100,4,26,104
2023-08-28T04:53:16,100,4,26,104
2023-08-28T05:06:07,100,4,26,104
2023-08-28T05:18:55,100,4,26,104
2023-08-28T05:31:44,100,4,26,104
2023-08-28T05:44:33,100,4,26,104
2023-08-28T05:57:21,100,4,26,104
2023-08-28T06:10:09,100,4,26,104
2023-08-28T06:22:56,100,4,26,104
2023-08-28T06:35:43,100,4,26,104
2023-08-28T06:48:29,100,4,26,104
2023-08-28T07:01:16,100,4,26,104
2023-08-28T07:14:01,100,4,26,104
2023-08-28T07:26:46,100,4,26,104
2023-08-28T07:39:38,100,4,26,104
2023-08-28T07:52:23,100,4,26,104
2023-08-28T08:05:08,100,4,26,104
2023-08-28T08:17:54,100,4,26,104
2023-08-28T08:30:42,100,4,26,104
2023-08-28T08:43:30,100,4,26,104
2023-08-28T08:56:20,100,4,26,104
2023-08-28T09:09:21,100,4,26,104
2023-08-28T09:22:09,100,4,26,104
2023-08-28T09:35:06,100,4,26,104
2023-08-28T09:47:52,100,4,26,104
2023-08-28T10:00:39,100,4,26,104
2023-08-28T10:13:39,100,4,26,104
2023-08-28T10:26:25,100,4,26,104
2023-08-28T10:39:14,100,4,26,104
2023-08-28T10:52:01,100,4,26,104
2023-08-28T11:05:01,100,4,26,104
2023-08-28T11:17:46,100,4,26,104
2023-08-28T11:30:37,100,4,26,104
2023-08-28T11:43:37,100,4,26,104
2023-08-28T11:56:23,100,4,26,104
2023-08-28T12:09:10,100,4,26,104
2023-08-28T12:21:57,100,4,26,104
2023-08-28T12:34:56,100,4,26,104
2023-08-28T12:47:42,100,4,26,104
2023-08-28T13:00:29,100,4,26,104
2023-08-28T13:13:16,100,4,26,104
2023-08-28T13:26:15,100,4,26,104
2023-08-28T13:39:01,100,4,26,104
2023-08-28T13:51:48,100,4,26,104
2023-08-28T14:04:34,100,4,26,104
2023-08-28T14:17:32,100,4,26,104
2023-08-28T14:30:17,100,4,26,104
2023-08-28T14:43:01,100,4,26,104
2023-08-28T14:55:45,100,4,26,104
2023-08-28T15:08:40,100,4,26,104
2023-08-28T15:21:25,100,4,26,104
2023-08-28T15:34:11,100,4,26,104
2023-08-28T15:46:58,100,4,26,104
2023-08-28T15:59:54,100,4,26,104
2023-08-28T16:12:41,100,4,26,104
2023-08-28T16:25:28,100,4,26,104
2023-08-28T16:38:15,100,4,26,104
2023-08-28T16:51:13,100,4,26,104
2023-08-28T17:04:00,100,4,26,104
2023-08-28T17:16:49,100,4,26,104
2023-08-28T17:29:36,100,4,26,104
2023-08-28T17:42:22,100,4,26,104
2023-08-28T17:55:09,100,4,26,104
2023-08-28T18:08:09,100,4,26,104
2023-08-28T18:20:56,100,4,26,104
2023-08-28T18:33:42,100,4,26,104
2023-08-28T18:46:30,100,4,26,104
2023-08-28T18:59:16,100,4,26,104
2023-08-28T19:12:15,100,4,26,104
2023-08-28T19:25:01,100,4,26,104
2023-08-28T19:37:49,100,4,26,104
2023-08-28T19:50:37,100,4,26,104
2023-08-28T20:03:24,100,4,26,104
2023-08-28T20:16:22,100,4,26,104
2023-08-28T20:29:09,100,4,26,104
2023-08-28T20:41:56,100,4,26,104
2023-08-28T20:54:42,100,4,26,104
2023-08-28T21:07:30,100,4,26,104
2023-08-28T21:20:27,100,4,26,104
2023-08-28T21:33:14,100,4,26,104
2023-08-28T21:46:02,100,4,26,104
2023-08-28T21:58:48,100,4,26,104
2023-08-28T22:11:35,100,4,26,104
2023-08-28T22:24:32,100,4,26,104
2023-08-28T22:37:20,100,4,26,104
2023-08-28T22:50:07,100,4,26,104
2023-08-28T23:02:55,100,4,26,104
2023-08-28T23:15:44,100,4,26,104
2023-08-28T23:28:43,100,4,26,104
2023-08-28T23:41:31,100,4,26,104
2023-08-28T23:54:20,100,4,26,104
2023-08-29T00:07:10,100,4,26,104
2023-08-29T00:20:14,100,4,26,104
2023-08-29T00:33:06,100,4,26,104
2023-08-29T00:45:54,100,4,26,104
2023-08-29T00:58:54,100,4,26,104
2023-08-29T01:11:44,100,4,26,104
2023-08-29T01:24:34,100,4,26,104
2023-08-29T01:37:24,100,4,26,104
2023-08-29T01:50:14,100,4,26,104
2023-08-29T02:03:04,100,4,26,104
2023-08-29T02:15:54,100,4,26,104
2023-08-29T02:28:45,100,4,26,104
2023-08-29T02:41:34,100,4,26,104
2023-08-29T02:54:33,100,4,26,104
2023-08-29T03:07:23,100,4,26,104
2023-08-29T03:20:14,100,4,26,104
2023-08-29T03:33:05,100,4,26,104
2023-08-29T03:45:56,100,4,26,104
2023-08-29T03:58:48,100,4,26,104
2023-08-29T04:11:40,100,4,26,104
2023-08-29T04:24:33,100,4,26,104
2023-08-29T04:37:26,100,4,26,104
2023-08-29T04:51:57,100,4,26,104
2023-08-29T05:05:12,100,4,26,104
2023-08-29T05:18:04,100,4,26,104
2023-08-29T05:30:55,100,4,26,104
2023-08-29T05:43:47,100,4,26,104
2023-08-29T05:56:38,100,4,26,104
2023-08-29T06:09:29,100,4,26,104
2023-08-29T06:22:19,100,4,26,104
2023-08-29T06:35:13,100,4,26,104
2023-08-29T06:48:03,100,4,26,104
2023-08-29T07:00:57,100,4,26,104
2023-08-29T07:13:55,100,4,26,104
2023-08-29T07:26:45,100,4,26,104
2023-08-29T07:39:34,100,4,26,104
2023-08-29T07:52:23,100,4,26,104
2023-08-29T08:05:17,100,4,26,104
2023-08-29T08:18:10,100,4,26,104
2023-08-29T08:31:03,100,4,26,104
2023-08-29T08:43:56,100,4,26,104
2023-08-29T08:57:01,100,4,26,104
2023-08-29T09:09:55,100,4,26,104
2023-08-29T09:22:52,100,4,26,104
2023-08-29T09:35:45,100,4,26,104
2023-08-29T09:48:50,100,4,26,104
2023-08-29T10:01:49,100,4,26,104
2023-08-29T10:14:43,100,4,26,104
2023-08-29T10:27:39,100,4,26,104
2023-08-29T10:40:50,100,4,26,104
2023-08-29T10:53:50,100,4,26,104
2023-08-29T11:06:48,100,4,26,104
2023-08-29T11:19:52,100,4,26,104
2023-08-29T11:32:56,100,4,26,104
2023-08-29T11:45:50,100,4,26,104
2023-08-29T11:58:59,100,4,26,104
2023-08-29T12:12:03,100,4,26,104
2023-08-29T12:24:59,100,4,26,104
2023-08-29T12:38:04,100,4,26,104
2023-08-29T12:51:01,100,4,26,104
2023-08-29T13:03:58,100,4,26,104
2023-08-29T13:16:51,100,4,26,104
2023-08-29T13:29:56,100,4,26,104
2023-08-29T13:42:55,100,4,26,104
2023-08-29T13:55:51,100,4,26,104
2023-08-29T14:08:57,100,4,26,104
2023-08-29T14:21:56,100,4,26,104
2023-08-29T14:34:53,100,4,26,104
2023-08-29T14:48:01,100,4,26,104
2023-08-29T15:00:59,100,4,26,104
2023-08-29T15:14:05,100,4,26,104
2023-08-29T15:26:58,100,4,26,104
2023-08-29T15:39:53,100,4,26,104
2023-08-29T15:53:04,100,4,26,104
2023-08-29T16:06:04,100,4,26,104
2023-08-29T16:19:00,100,4,26,104
2023-08-29T16:32:11,100,4,26,104
2023-08-29T16:45:07,100,4,26,104
2023-08-29T16:58:01,100,4,26,104
2023-08-29T17:11:02,100,4,26,104
2023-08-29T17:24:10,100,4,26,104
2023-08-29T17:37:02,100,4,26,104
2023-08-29T17:49:54,100,4,26,104
2023-08-29T18:03:12,100,4,26,104
2023-08-29T18:16:07,100,4,26,104
2023-08-29T18:29:07,100,4,26,104
2023-08-29T18:42:07,100,4,26,104
2023-08-29T18:55:10,100,4,26,104
2023-08-29T19:08:03,100,4,26,104
2023-08-29T19:20:58,100,4,26,104
2023-08-29T19:33:49,100,4,26,104
2023-08-29T19:46:54,100,4,26,104
2023-08-29T19:59:45,100,4,26,104
2023-08-29T20:12:41,100,4,26,104
2023-08-29T20:25:31,100,4,26,104
2023-08-29T20:38:29,100,4,26,104
2023-08-29T20:51:17,100,4,26,104
2023-08-29T21:04:04,100,4,26,104
2023-08-29T21:16:51,100,4,26,104
2023-08-29T21:29:49,100,4,26,104
2023-08-29T21:42:36,100,4,26,104
2023-08-29T21:55:23,100,4,26,104
2023-08-29T22:08:11,100,4,26,104
2023-08-29T22:21:11,100,4,26,104
2023-08-29T22:33:58,100,4,26,104
2023-08-29T22:46:45,100,4,26,104
2023-08-29T22:59:34,100,4,26,104
2023-08-29T23:12:22,100,4,26,104
2023-08-29T23:25:21,100,4,26,104
2023-08-29T23:38:09,100,4,26,104
2023-08-29T23:50:57,100,4,26,104
2023-08-30T00:03:46,100,4,26,104
2023-08-30T00:16:37,100,4,26,104
2023-08-30T00:29:28,100,4,26,104
2023-08-30T00:42:32,100,4,26,104
2023-08-30T00:55:23,100,4,26,104
2023-08-30T01:08:16,100,4,26,104
2023-08-30T01:21:09,100,4,26,104
2023-08-30T01:34:00,100,4,26,104
2023-08-30T01:46:51,100,4,26,104
2023-08-30T01:59:41,100,4,26,104
2023-08-30T02:12:33,100,4,26,104
2023-08-30T02:25:34,100,4,26,104
2023-08-30T02:38:24,100,4,26,104
2023-08-30T02:51:12,100,4,26,104
2023-08-30T03:04:01,100,4,26,104
2023-08-30T03:16:52,100,4,26,104
2023-08-30T03:29:42,100,4,26,104
2023-08-30T03:42:33,100,4,26,104
2023-08-30T03:55:25,100,4,26,104
2023-08-30T04:08:17,100,4,26,104
2023-08-30T06:29:51,100,4,26,104
2023-08-30T06:42:42,100,4,26,104
2023-08-30T06:55:33,100,4,26,104
2023-08-30T07:08:24,100,4,26,104
2023-08-30T07:21:13,100,4,26,104
2023-08-30T07:34:01,100,4,26,104
2023-08-30T07:46:50,100,4,26,104
2023-08-30T07:59:39,100,4,26,104
2023-08-30T08:12:29,100,4,26,104
2023-08-30T08:25:19,100,4,26,104
2023-08-30T08:38:06,100,4,26,104
2023-08-30T08:50:54,100,4,26,104
2023-08-30T09:03:42,100,4,26,104
2023-08-30T09:16:39,100,4,26,104
2023-08-30T09:29:26,100,4,26,104
2023-08-30T09:42:13,100,4,26,104
2023-08-30T09:55:01,100,4,26,104
2023-08-30T10:07:49,100,4,26,104
2023-08-30T10:20:37,100,4,26,104
2023-08-30T10:33:26,100,4,26,104
2023-08-30T10:46:16,100,4,26,104
2023-08-30T10:59:14,100,4,26,104
2023-08-30T11:12:02,100,4,26,104
2023-08-30T11:24:51,100,4,26,104
2023-08-30T11:37:40,100,4,26,104
2023-08-30T11:50:28,100,4,26,104
2023-08-30T12:03:17,100,4,26,104
2023-08-30T12:16:05,100,4,26,104
2023-08-30T12:29:02,100,4,26,104
2023-08-30T12:41:50,100,4,26,104
2023-08-30T12:54:38,100,4,26,104
2023-08-30T13:07:26,100,4,26,104
2023-08-30T13:20:14,100,4,26,104
2023-08-30T13:33:03,100,4,26,104
2023-08-30T13:46:02,100,4,26,104
2023-08-30T13:58:52,100,4,26,104
2023-08-30T14:11:42,100,4,26,104
2023-08-30T14:24:30,100,4,26,104
2023-08-30T14:37:18,100,4,26,104
2023-08-30T14:50:07,100,4,26,104
2023-08-30T15:02:54,100,4,26,104
2023-08-30T15:15:53,100,4,26,104
2023-08-30T15:28:41,100,4,26,104
2023-08-30T15:41:30,100,4,26,104
2023-08-30T15:54:18,100,4,26,104
2023-08-30T16:07:06,100,4,26,104
2023-08-30T16:19:55,100,4,26,104
2023-08-30T16:32:45,100,4,26,104
2023-08-30T16:45:43,100,4,26,104
2023-08-30T16:58:32,100,4,26,104
2023-08-30T17:11:22,100,4,26,104
2023-08-30T17:24:11,100,4,26,104
2023-08-30T17:37:00,100,4,26,104
2023-08-30T17:49:49,100,4,26,104
2023-08-30T18:02:38,100,4,26,104
2023-08-30T18:15:36,100,4,26,104
2023-08-30T18:28:25,100,4,26,104
2023-08-30T18:41:14,100,4,26,104
2023-08-30T18:54:03,100,4,26,104
2023-08-30T19:06:52,100,4,26,104
2023-08-30T19:19:41,100,4,26,104
2023-08-30T19:32:30,100,4,26,104
2023-08-30T19:45:19,100,4,26,104
2023-08-30T19:58:18,100,4,26,104
2023-08-30T20:11:07,100,4,26,104
2023-08-30T20:23:56,100,4,26,104
2023-08-30T20:36:45,100,4,26,104
2023-08-30T20:49:33,100,4,26,104
2023-08-30T21:02:22,100,4,26,104
2023-08-30T21:15:11,100,4,26,104
2023-08-30T21:28:00,100,4,26,104
2023-08-30T21:40:59,100,4,26,104
2023-08-30T21:53:47,100,4,26,104
2023-08-30T22:06:36,100,4,26,104
2023-08-30T22:19:24,100,4,26,104
2023-08-30T22:32:17,100,4,26,104
2023-08-30T22:45:06,100,4,26,104
2023-08-30T22:57:54,100,4,26,104
2023-08-30T23:10:44,100,4,26,104
2023-08-30T23:23:41,100,4,26,104
2023-08-30T23:36:31,100,4,26,104
2023-08-30T23:49:20,100,4,26,104
2023-08-31T00:02:10,100,4,26,104
2023-08-31T00:15:20,100,4,26,104
2023-08-31T00:28:14,100,4,26,104
2023-08-31T00:41:05,100,4,26,104
2023-08-31T00:53:56,100,4,26,104
2023-08-31T01:06:47,100,4,26,104
2023-08-31T01:19:39,100,4,26,104
2023-08-31T01:32:31,100,4,26,104
2023-08-31T01:45:23,100,4,26,104
2023-08-31T01:58:26,100,4,26,104
2023-08-31T02:11:19,100,4,26,104
2023-08-31T02:24:10,100,4,26,104
2023-08-31T02:37:02,100,4,26,104
2023-08-31T02:49:51,100,4,26,104
2023-08-31T03:02:45,100,4,26,104
2023-08-31T03:15:44,100,4,26,104
2023-08-31T03:28:38,100,4,26,104
2023-08-31T03:41:29,100,4,26,104
2023-08-31T03:54:21,100,4,26,104
2023-08-31T04:07:13,100,4,26,104
2023-08-31T04:22:59,100,4,26,104
2023-08-31T04:37:08,100,4,26,104
2023-08-31T04:50:21,100,4,26,104
2023-08-31T05:03:16,100,4,26,104
2023-08-31T05:16:11,100,4,26,104
2023-08-31T05:29:04,100,4,26,104
2023-08-31T05:41:58,100,4,26,104
2023-08-31T05:54:51,100,4,26,104
2023-08-31T06:07:44,100,4,26,104
2023-08-31T06:20:36,100,4,26,104
2023-08-31T06:33:28,100,4,26,104
2023-08-31T06:46:20,100,4,26,104
2023-08-31T06:59:13,100,4,26,104
2023-08-31T07:12:05,100,4,26,104
2023-08-31T07:24:57,100,4,26,104
2023-08-31T07:37:47,100,4,26,104
2023-08-31T07:50:35,100,4,26,104
2023-08-31T08:03:27,100,4,26,104
2023-08-31T08:16:17,100,4,26,104
2023-08-31T08:29:16,100,4,26,104
2023-08-31T08:42:06,100,4,26,104
2023-08-31T08:54:55,100,4,26,104
2023-08-31T09:07:46,100,4,26,104
2023-08-31T09:20:36,100,4,26,104
2023-08-31T09:33:26,100,4,26,104
2023-08-31T09:46:17,100,4,26,104
2023-08-31T09:59:18,100,4,26,104
2023-08-31T10:12:11,100,4,26,104
2023-08-31T10:25:01,100,4,26,104
2023-08-31T10:37:51,100,4,26,104
2023-08-31T10:50:42,100,4,26,104
2023-08-31T11:03:34,100,4,26,104
2023-08-31T11:16:34,100,4,26,104
2023-08-31T11:29:24,100,4,26,104
2023-08-31T11:42:15,100,4,26,104
2023-08-31T11:55:05,100,4,26,104
2023-08-31T12:07:56,100,4,26,104
2023-08-31T12:20:57,100,4,26,104
2023-08-31T12:33:49,100,4,26,104
2023-08-31T12:46:40,100,4,26,104
2023-08-31T12:59:32,100,4,26,104
2023-08-31T13:12:25,100,4,26,104
2023-08-31T13:25:26,100,4,26,104
2023-08-31T13:38:18,100,4,26,104
2023-08-31T13:51:10,100,4,26,104
2023-08-31T14:04:01,100,4,26,104
2023-08-31T14:16:51,100,4,26,104
2023-08-31T14:29:41,100,4,26,104
2023-08-31T14:42:39,100,4,26,104
2023-08-31T14:55:30,100,4,26,104
2023-08-31T15:08:20,100,4,26,104
2023-08-31T15:21:10,100,4,26,104
2023-08-31T15:34:01,100,4,26,104
2023-08-31T15:47:00,100,4,26,104
2023-08-31T15:59:49,100,4,26,104
2023-08-31T16:12:39,100,4,26,104
2023-08-31T16:25:29,100,4,26,104
2023-08-31T16:38:19,100,4,26,104
2023-08-31T16:51:08,100,4,26,104
2023-08-31T17:04:07,100,4,26,104
2023-08-31T17:16:59,100,4,26,104
2023-08-31T17:29:48,100,4,26,104
2023-08-31T17:42:37,100,4,26,104
2023-08-31T17:55:25,100,4,26,104
2023-08-31T18:08:14,100,4,26,104
2023-08-31T18:21:03,100,4,26,104
2023-08-31T18:33:52,100,4,26,104
2023-08-31T18:46:52,100,4,26,104
2023-08-31T18:59:41,100,4,26,104
2023-08-31T19:12:31,100,4,26,104
2023-08-31T19:25:20,100,4,26,104
2023-08-31T19:38:09,100,4,26,104
2023-08-31T19:50:58,100,4,26,104
2023-08-31T20:03:47,100,4,26,104
2023-08-31T20:16:46,100,4,26,104
2023-08-31T20:29:35,100,4,26,104
2023-08-31T20:42:24,100,4,26,104
2023-08-31T20:55:14,100,4,26,104
2023-08-31T21:08:03,100,4,26,104
2023-08-31T21:20:52,100,4,26,104
2023-08-31T21:33:41,100,4,26,104
2023-08-31T21:46:40,100,4,26,104
2023-08-31T21:59:29,100,4,26,104
2023-08-31T22:12:18,100,4,26,104
2023-08-31T22:25:07,100,4,26,104
2023-08-31T22:37:57,100,4,26,104
2023-08-31T22:50:45,100,4,26,104
2023-08-31T23:03:35,100,4,26,104
2023-08-31T23:16:25,100,4,26,104
2023-08-31T23:29:24,100,4,26,104
2023-08-31T23:42:14,100,4,26,104
2023-08-31T23:55:03,100,4,26,104
2023-09-01T00:07:54,100,4,26,104
2023-09-01T00:20:55,100,4,26,104
2023-09-01T00:33:48,100,4,26,104
2023-09-01T00:46:41,100,4,26,104
2023-09-01T00:59:35,100,4,26,104
2023-09-01T01:12:28,100,4,26,104
2023-09-01T01:25:22,100,4,26,104
2023-09-01T01:38:27,100,4,26,104
2023-09-01T01:51:23,100,4,26,104
2023-09-01T02:04:17,100,4,26,104
2023-09-01T02:17:09,100,4,26,104
2023-09-01T02:30:01,100,4,26,104
2023-09-01T02:42:55,100,4,26,104
2023-09-01T02:55:47,100,4,26,104
2023-09-01T03:08:39,100,4,26,104
2023-09-01T03:21:34,100,4,26,104
2023-09-01T03:34:29,100,4,26,104
2023-09-01T03:47:22,100,4,26,104
2023-09-01T04:00:16,100,4,26,104
2023-09-01T04:24:44,100,4,26,104
2023-09-01T04:38:04,100,4,26,104
2023-09-01T04:50:59,100,4,26,104
2023-09-01T05:03:54,100,4,26,104
2023-09-01T05:16:48,100,4,26,104
2023-09-01T05:29:42,100,4,26,104
2023-09-01T05:42:36,100,4,26,104
2023-09-01T05:55:32,100,4,26,104
2023-09-01T06:08:25,100,4,26,104
2023-09-01T06:21:18,100,4,26,104
2023-09-01T06:34:11,100,4,26,104
2023-09-01T06:47:04,100,4,26,104
2023-09-01T06:59:57,100,4,26,104
2023-09-01T07:12:50,100,4,26,104
2023-09-01T07:25:45,100,4,26,104
2023-09-01T07:38:36,100,4,26,104
2023-09-01T07:51:36,100,4,26,104
2023-09-01T08:04:27,100,4,26,104
2023-09-01T08:17:18,100,4,26,104
2023-09-01T08:30:11,100,4,26,104
2023-09-01T08:43:07,100,4,26,104
2023-09-01T08:55:58,100,4,26,104
2023-09-01T09:08:56,100,4,26,104
2023-09-01T09:22:06,100,4,26,104
2023-09-01T09:35:01,100,4,26,104
2023-09-01T09:47:55,100,4,26,104
2023-09-01T10:00:50,100,4,26,104
2023-09-01T10:13:47,100,4,26,104
2023-09-01T10:26:51,100,4,26,104
2023-09-01T10:39:47,100,4,26,104
2023-09-01T10:52:45,100,4,26,104
2023-09-01T11:05:40,100,4,26,104
2023-09-01T11:18:34,100,4,26,104
2023-09-01T11:31:44,100,4,26,104
2023-09-01T11:44:40,100,4,26,104
2023-09-01T11:57:34,100,4,26,104
2023-09-01T12:10:31,100,4,26,104
2023-09-01T12:23:37,100,4,26,104
2023-09-01T12:36:31,100,4,26,104
2023-09-01T12:49:23,100,4,26,104
2023-09-01T13:02:21,100,4,26,104
2023-09-01T13:15:16,100,4,26,104
2023-09-01T13:28:20,100,4,26,104
2023-09-01T13:41:19,100,4,26,104
2023-09-01T13:54:13,100,4,26,104
2023-09-01T14:07:12,100,4,26,104
2023-09-01T14:20:24,100,4,26,104
2023-09-01T14:33:20,100,4,26,104
2023-09-01T14:46:14,100,4,26,104
2023-09-01T14:59:20,100,4,26,104
2023-09-01T15:12:22,100,4,26,104
2023-09-01T15:25:21,100,4,26,104
2023-09-01T15:38:16,100,4,26,104
2023-09-01T15:51:28,100,4,26,104
2023-09-01T16:04:26,100,4,26,104
2023-09-01T16:17:20,100,4,26,104
2023-09-01T16:30:15,100,4,26,104
2023-09-01T16:43:20,100,4,26,104
2023-09-01T16:56:14,100,4,26,104
2023-09-01T17:09:11,100,4,26,104
2023-09-01T17:22:12,100,4,26,104
2023-09-01T19:22:15,100,4,26,104
2023-09-01T19:35:08,100,4,26,104
2023-09-01T19:48:01,100,4,26,104
2023-09-01T20:00:55,100,4,26,104
2023-09-01T20:13:59,100,4,26,104
2023-09-01T20:26:51,100,4,26,104
2023-09-01T20:39:43,100,4,26,104
2023-09-01T20:52:33,100,4,26,104
2023-09-01T21:05:34,100,4,26,104
2023-09-01T21:18:24,100,4,26,104
2023-09-01T21:31:15,100,4,26,104
2023-09-01T21:44:06,100,4,26,104
2023-09-01T21:56:57,100,4,26,104
2023-09-01T22:09:59,100,4,26,104
2023-09-01T22:22:49,100,4,26,104
2023-09-01T22:35:40,100,4,26,104
2023-09-01T22:48:30,100,4,26,104
2023-09-01T23:01:21,100,4,26,104
2023-09-01T23:14:13,100,4,26,104
2023-09-01T23:27:15,100,4,26,104
2023-09-01T23:40:06,100,4,26,104
2023-09-01T23:52:58,100,4,26,104
2023-09-02T00:05:51,100,4,26,104
2023-09-02T00:18:51,100,4,26,104
2023-09-02T00:31:45,100,4,26,104
2023-09-02T00:44:50,100,4,26,104
2023-09-02T00:57:45,100,4,26,104
2023-09-02T01:10:39,100,4,26,104
2023-09-02T01:23:33,100,4,26,104
2023-09-02T01:36:31,100,4,26,104
2023-09-02T01:49:27,100,4,26,104
2023-09-02T02:02:22,100,4,26,104
2023-09-02T02:15:17,100,4,26,104
2023-09-02T02:28:08,100,4,26,104
2023-09-02T02:41:12,100,4,26,104
2023-09-02T02:54:05,100,4,26,104
2023-09-02T03:06:57,100,4,26,104
2023-09-02T03:19:52,100,4,26,104
2023-09-02T03:32:46,100,4,26,104
2023-09-02T03:45:40,100,4,26,104
2023-09-02T03:58:35,100,4,26,104
2023-09-02T04:22:00,100,4,26,104
2023-09-02T04:37:08,100,4,26,104
2023-09-02T04:50:07,100,4,26,104
2023-09-02T05:03:05,100,4,26,104
2023-09-02T05:16:01,100,4,26,104
2023-09-02T05:28:57,100,4,26,104
2023-09-02T05:41:52,100,4,26,104
2023-09-02T05:54:47,100,4,26,104
2023-09-02T06:07:42,100,4,26,104
2023-09-02T06:20:37,100,4,26,104
2023-09-02T06:33:32,100,4,26,104
2023-09-02T06:46:27,100,4,26,104
2023-09-02T06:59:22,100,4,26,104
2023-09-02T07:12:17,100,4,26,104
2023-09-02T07:25:12,100,4,26,104
2023-09-02T07:38:06,100,4,26,104
2023-09-02T07:50:59,100,4,26,104
2023-09-02T08:03:54,100,4,26,104
2023-09-02T08:16:56,100,4,26,104
2023-09-02T08:29:52,100,4,26,104
2023-09-02T08:42:47,100,4,26,104
2023-09-02T08:55:41,100,4,26,104
2023-09-02T09:08:36,100,4,26,104
2023-09-02T09:21:30,100,4,26,104
2023-09-02T09:34:24,100,4,26,104
2023-09-02T09:47:17,100,4,26,104
2023-09-02T10:00:10,100,4,26,104
2023-09-02T10:13:04,100,4,26,104
2023-09-02T10:25:58,100,4,26,104
2023-09-02T10:39:01,100,4,26,104
2023-09-02T10:51:54,100,4,26,104
2023-09-02T11:04:47,100,4,26,104
2023-09-02T11:17:39,100,4,26,104
2023-09-02T11:30:30,100,4,26,104
2023-09-02T11:43:21,100,4,26,104
2023-09-02T11:56:13,100,4,26,104
2023-09-02T12:09:03,100,4,26,104
2023-09-02T12:21:55,100,4,26,104
2023-09-02T12:34:47,100,4,26,104
2023-09-02T12:47:48,100,4,26,104
2023-09-02T13:00:39,100,4,26,104
2023-09-02T13:13:30,100,4,26,104
2023-09-02T13:26:21,100,4,26,104
2023-09-02T13:39:12,100,4,26,104
2023-09-02T13:52:03,100,4,26,104
2023-09-02T14:04:54,100,4,26,104
2023-09-02T14:17:46,100,4,26,104
2023-09-02T14:30:37,100,4,26,104
2023-09-02T14:43:39,100,4,26,104
2023-09-02T14:56:30,100,4,26,104
2023-09-02T15:09:22,100,4,26,104
2023-09-02T15:22:12,100,4,26,104
2023-09-02T15:35:04,100,4,26,104
2023-09-02T15:47:57,100,4,26,104
2023-09-02T16:00:48,100,4,26,104
2023-09-02T16:13:39,100,4,26,104
2023-09-02T16:26:30,100,4,26,104
2023-09-02T16:39:21,100,4,26,104
2023-09-02T16:52:13,100,4,26,104
2023-09-02T17:05:15,100,4,26,104
2023-09-02T17:18:07,100,4,26,104
2023-09-02T17:30:59,100,4,26,104
2023-09-02T17:43:50,100,4,26,104
2023-09-02T17:56:41,100,4,26,104
2023-09-02T18:09:33,100,4,26,104
2023-09-02T18:22:24,100,4,26,104
2023-09-02T18:35:15,100,4,26,104
2023-09-02T18:48:06,100,4,26,104
2023-09-02T19:00:57,100,4,26,104
2023-09-02T19:13:48,100,4,26,104
2023-09-02T19:26:40,100,4,26,104
2023-09-02T19:39:40,100,4,26,104
2023-09-02T19:52:30,100,4,26,104
2023-09-02T20:05:21,100,4,26,104
2023-09-02T20:18:13,100,4,26,104
2023-09-02T20:31:04,100,4,26,104
2023-09-02T20:43:55,100,4,26,104
2023-09-02T20:56:46,100,4,26,104
2023-09-02T21:09:37,100,4,26,104
2023-09-02T21:22:27,100,4,26,104
2023-09-02T21:35:18,100,4,26,104
2023-09-02T21:48:18,100,4,26,104
2023-09-02T22:01:09,100,4,26,104
2023-09-02T22:14:00,100,4,26,104
2023-09-02T22:26:51,100,4,26,104
2023-09-02T22:39:42,100,4,26,104
2023-09-02T22:52:33,100,4,26,104
2023-09-02T23:05:24,100,4,26,104
2023-09-02T23:18:18,100,4,26,104
2023-09-02T23:31:09,100,4,26,104
2023-09-02T23:44:02,100,4,26,104
2023-09-02T23:56:54,100,4,26,104
2023-09-03T00:09:47,100,4,26,104
2023-09-03T00:22:56,100,4,26,104
2023-09-03T00:35:50,100,4,26,104
2023-09-03T00:48:44,100,4,26,104
2023-09-03T01:01:39,100,4,26,104
2023-09-03T01:14:32,100,4,26,104
2023-09-03T01:27:25,100,4,26,104
2023-09-03T01:40:20,100,4,26,104
2023-09-03T01:53:14,100,4,26,104
2023-09-03T02:06:17,100,4,26,104
2023-09-03T02:19:13,100,4,26,104
2023-09-03T02:32:09,100,4,26,104
2023-09-03T02:45:03,100,4,26,104
2023-09-03T02:57:56,100,4,26,104
2023-09-03T03:10:50,100,4,26,104
2023-09-03T03:23:45,100,4,26,104
2023-09-03T03:36:40,100,4,26,104
2023-09-03T03:49:45,100,4,26,104
2023-09-03T04:02:41,100,4,26,104
2023-09-03T04:21:06,100,4,26,104
2023-09-03T04:34:03,100,4,26,104
2023-09-03T04:48:21,100,4,26,104
2023-09-03T05:01:33,100,4,26,104
2023-09-03T05:14:27,100,4,26,104
2023-09-03T05:27:23,100,4,26,104
2023-09-03T05:40:19,100,4,26,104
2023-09-03T05:53:17,100,4,26,104
2023-09-03T06:06:11,100,4,26,104
2023-09-03T06:19:05,100,4,26,104
2023-09-03T06:31:58,100,4,26,104
2023-09-03T06:44:50,100,4,26,104
2023-09-03T06:57:40,100,4,26,104
2023-09-03T07:10:33,100,4,26,104
2023-09-03T07:23:24,100,4,26,104
2023-09-03T07:36:16,100,4,26,104
2023-09-03T07:49:08,100,4,26,104
2023-09-03T08:01:59,100,4,26,104
2023-09-03T08:14:51,100,4,26,104
2023-09-03T08:27:44,100,4,26,104
2023-09-03T08:40:51,100,4,26,104
2023-09-03T08:53:42,100,4,26,104
2023-09-03T09:06:33,100,4,26,104
2023-09-03T09:19:25,100,4,26,104
2023-09-03T09:32:17,100,4,26,104
2023-09-03T09:45:09,100,4,26,104
2023-09-03T09:57:59,100,4,26,104
2023-09-03T10:10:51,100,4,26,104
2023-09-03T10:23:44,100,4,26,104
2023-09-03T10:36:37,100,4,26,104
2023-09-03T10:49:29,100,4,26,104
2023-09-03T11:02:21,100,4,26,104
2023-09-03T11:15:22,100,4,26,104
2023-09-03T11:28:13,100,4,26,104
2023-09-03T11:41:05,100,4,26,104
2023-09-03T11:53:57,100,4,26,104
2023-09-03T12:06:48,100,4,26,104
2023-09-03T12:19:39,100,4,26,104
2023-09-03T12:32:30,100,4,26,104
2023-09-03T12:45:21,100,4,26,104
2023-09-03T12:58:11,100,4,26,104
2023-09-03T13:11:02,100,4,26,104
2023-09-03T13:23:53,100,4,26,104
2023-09-03T13:36:54,100,4,26,104
2023-09-03T13:49:45,100,4,26,104
2023-09-03T14:02:35,100,4,26,104
2023-09-03T14:15:26,100,4,26,104
2023-09-03T14:28:17,100,4,26,104
2023-09-03T14:41:07,100,4,26,104
2023-09-03T14:53:58,100,4,26,104
2023-09-03T15:06:48,100,4,26,104
2023-09-03T15:19:39,100,4,26,104
2023-09-03T15:32:30,100,4,26,104
2023-09-03T15:45:21,100,4,26,104
2023-09-03T15:58:12,100,4,26,104
2023-09-03T16:11:13,100,4,26,104
2023-09-03T16:24:05,100,4,26,104
2023-09-03T16:36:56,100,4,26,104
2023-09-03T16:49:47,100,4,26,104
2023-09-03T17:02:38,100,4,26,104
2023-09-03T17:15:29,100,4,26,104
2023-09-03T17:28:20,100,4,26,104
2023-09-03T17:41:11,100,4,26,104
2023-09-03T17:54:18,100,4,26,104
2023-09-03T18:07:09,100,4,26,104
2023-09-03T18:19:59,100,4,26,104
2023-09-03T18:32:50,100,4,26,104
2023-09-03T18:45:40,100,4,26,104
2023-09-03T18:58:30,100,4,26,104
2023-09-03T19:11:25,100,4,26,104
2023-09-03T19:24:16,100,4,26,104
2023-09-03T19:37:07,100,4,26,104
2023-09-03T19:49:57,100,4,26,104
2023-09-03T20:02:47,100,4,26,104
2023-09-03T20:15:39,100,4,26,104
2023-09-03T20:28:39,100,4,26,104
2023-09-03T20:41:29,100,4,26,104
2023-09-03T20:54:20,100,4,26,104
2023-09-03T21:07:11,100,4,26,104
2023-09-03T21:20:01,100,4,26,104
2023-09-03T21:32:53,100,4,26,104
2023-09-03T21:45:44,100,4,26,104
2023-09-03T21:58:35,100,4,26,104
2023-09-03T22:11:27,100,4,26,104
2023-09-03T22:24:18,100,4,26,104
2023-09-03T22:37:27,100,4,26,104
2023-09-03T22:50:18,100,4,26,104
2023-09-03T23:03:09,100,4,26,104
2023-09-03T23:16:04,100,4,26,104
2023-09-03T23:28:56,100,4,26,104
2023-09-03T23:41:46,100,4,26,104
2023-09-03T23:54:37,100,4,26,104
2023-09-04T00:07:32,100,4,26,104
2023-09-04T00:20:32,100,4,26,104
2023-09-04T00:33:38,100,4,26,104
2023-09-04T00:46:44,100,4,26,104
2023-09-04T00:59:39,100,4,26,104
2023-09-04T01:12:32,100,4,26,104
2023-09-04T01:25:27,100,4,26,104
2023-09-04T01:38:23,100,4,26,104
2023-09-04T01:51:19,100,4,26,104
2023-09-04T02:04:18,100,4,26,104
2023-09-04T02:17:12,100,4,26,104
2023-09-04T02:30:05,100,4,26,104
2023-09-04T02:42:58,100,4,26,104
2023-09-04T02:55:50,100,4,26,104
2023-09-04T03:08:43,100,4,26,104
2023-09-04T03:21:38,100,4,26,104
2023-09-04T03:34:34,100,4,26,104
2023-09-04T03:47:28,100,4,26,104
2023-09-04T04:00:22,100,4,26,104
2023-09-04T04:13:17,100,4,26,104
2023-09-04T04:29:20,100,4,26,104
2023-09-04T04:43:28,100,4,26,104
2023-09-04T04:56:40,100,4,26,104
2023-09-04T05:09:40,100,4,26,104
2023-09-04T05:22:35,100,4,26,104
2023-09-04T05:35:31,100,4,26,104
2023-09-04T05:48:27,100,4,26,104
2023-09-04T06:01:24,100,4,26,104
2023-09-04T06:14:18,100,4,26,104
2023-09-04T06:27:11,100,4,26,104
2023-09-04T06:40:04,100,4,26,104
2023-09-04T06:52:56,100,4,26,104
2023-09-04T07:05:48,100,4,26,104
2023-09-04T07:18:40,100,4,26,104
2023-09-04T07:31:31,100,4,26,104
2023-09-04T07:44:21,100,4,26,104
2023-09-04T07:57:12,100,4,26,104
2023-09-04T08:10:02,100,4,26,104
2023-09-04T08:22:53,100,4,26,104
2023-09-04T08:35:45,100,4,26,104
2023-09-04T08:48:36,100,4,26,104
2023-09-04T09:01:26,100,4,26,104
2023-09-04T09:14:17,100,4,26,104
2023-09-04T09:27:07,100,4,26,104
2023-09-04T09:40:06,100,4,26,104
2023-09-04T09:52:57,100,4,26,104
2023-09-04T10:05:48,100,4,26,104
2023-09-04T10:18:38,100,4,26,104
2023-09-04T10:31:29,100,4,26,104
2023-09-04T10:44:19,100,4,26,104
2023-09-04T10:57:09,100,4,26,104
2023-09-04T11:10:00,100,4,26,104
2023-09-04T11:22:50,100,4,26,104
2023-09-04T11:35:42,100,4,26,104
2023-09-04T11:48:33,100,4,26,104
2023-09-04T12:01:23,100,4,26,104
2023-09-04T12:14:13,100,4,26,104
2023-09-04T12:27:14,100,4,26,104
2023-09-04T12:40:04,100,4,26,104
2023-09-04T12:52:55,100,4,26,104
2023-09-04T13:05:46,100,4,26,104
2023-09-04T13:18:37,100,4,26,104
2023-09-04T13:31:28,100,4,26,104
2023-09-04T13:44:18,100,4,26,104
2023-09-04T13:57:09,100,4,26,104
2023-09-04T14:10:00,100,4,26,104
2023-09-04T14:22:51,100,4,26,104
2023-09-04T14:35:53,100,4,26,104
2023-09-04T14:48:44,100,4,26,104
2023-09-04T15:01:35,100,4,26,104
2023-09-04T15:14:27,100,4,26,104
2023-09-04T15:27:18,100,4,26,104
2023-09-04T15:40:09,100,4,26,104
2023-09-04T15:53:01,100,4,26,104
2023-09-04T16:05:51,100,4,26,104
2023-09-04T16:18:41,100,4,26,104
2023-09-04T16:31:32,100,4,26,104
2023-09-04T16:44:23,100,4,26,104
2023-09-04T16:57:25,100,4,26,104
2023-09-04T17:10:17,100,4,26,104
2023-09-04T17:23:08,100,4,26,104
2023-09-04T17:35:59,100,4,26,104
2023-09-04T17:48:49,100,4,26,104
2023-09-04T18:01:40,100,4,26,104
2023-09-04T18:14:30,100,4,26,104
2023-09-04T18:27:20,100,4,26,104
2023-09-04T18:40:11,100,4,26,104
2023-09-04T18:53:01,100,4,26,104
2023-09-04T19:05:53,100,4,26,104
2023-09-04T19:18:54,100,4,26,104
2023-09-04T19:31:44,100,4,26,104
2023-09-04T19:44:35,100,4,26,104
2023-09-04T19:57:26,100,4,26,104
2023-09-04T20:10:17,100,4,26,104
2023-09-04T20:23:08,100,4,26,104
2023-09-04T20:35:59,100,4,26,104
2023-09-04T20:48:49,100,4,26,104
2023-09-04T21:01:41,100,4,26,104
2023-09-04T21:14:34,100,4,26,104
2023-09-04T21:27:35,100,4,26,104
2023-09-04T21:40:26,100,4,26,104
2023-09-04T21:53:16,100,4,26,104
2023-09-04T22:06:07,100,4,26,104
2023-09-04T22:18:57,100,4,26,104
2023-09-04T22:31:48,100,4,26,104
2023-09-04T22:44:39,100,4,26,104
2023-09-04T22:57:29,100,4,26,104
2023-09-04T23:10:23,100,4,26,104
2023-09-04T23:23:15,100,4,26,104
2023-09-04T23:36:17,100,4,26,104
2023-09-04T23:49:10,100,4,26,104
2023-09-05T00:02:01,100,4,26,104
2023-09-05T00:14:55,100,4,26,104
2023-09-05T00:27:52,100,4,26,104
2023-09-05T00:40:46,100,4,26,104
2023-09-05T00:53:40,100,4,26,104
2023-09-05T01:06:33,100,4,26,104
2023-09-05T01:19:27,100,4,26,104
2023-09-05T01:32:23,100,4,26,104
2023-09-05T01:45:18,100,4,26,104
2023-09-05T01:58:13,100,4,26,104
2023-09-05T02:11:07,100,4,26,104
2023-09-05T02:24:01,100,4,26,104
2023-09-05T02:36:57,100,4,26,104
2023-09-05T02:50:03,100,4,26,104
2023-09-05T03:02:55,100,4,26,104
2023-09-05T03:15:49,100,4,26,104
2023-09-05T03:28:43,100,4,26,104
2023-09-05T03:41:37,100,4,26,104
2023-09-05T03:54:31,100,4,26,104
2023-09-05T04:07:25,100,4,26,104
2023-09-05T04:21:40,100,4,26,104
2023-09-05T04:36:18,100,4,26,104
2023-09-05T04:49:15,100,4,26,104
2023-09-05T05:02:11,100,4,26,104
2023-09-05T05:15:08,100,4,26,104
2023-09-05T05:28:03,100,4,26,104
2023-09-05T05:40:58,100,4,26,104
2023-09-05T05:53:53,100,4,26,104
2023-09-05T06:06:48,100,4,26,104
2023-09-05T06:19:42,100,4,26,104
2023-09-05T06:32:36,100,4,26,104
2023-09-05T06:45:28,100,4,26,104
2023-09-05T06:58:19,100,4,26,104
2023-09-05T07:11:11,100,4,26,104
2023-09-05T07:24:02,100,4,26,104
2023-09-05T07:36:53,100,4,26,104
2023-09-05T07:49:45,100,4,26,104
2023-09-05T08:02:37,100,4,26,104
2023-09-05T08:15:28,100,4,26,104
2023-09-05T08:28:19,100,4,26,104
2023-09-05T08:41:11,100,4,26,104
2023-09-05T08:54:11,100,4,26,104
2023-09-05T09:07:03,100,4,26,104
2023-09-05T09:19:56,100,4,26,104
2023-09-05T09:32:48,100,4,26,104
2023-09-05T09:45:40,100,4,26,104
2023-09-05T09:58:32,100,4,26,104
2023-09-05T10:11:23,100,4,26,104
2023-09-05T10:24:14,100,4,26,104
2023-09-05T10:37:20,100,4,26,104
2023-09-05T10:50:11,100,4,26,104
2023-09-05T11:03:03,100,4,26,104
2023-09-05T11:15:55,100,4,26,104
2023-09-05T11:28:48,100,4,26,104
2023-09-05T11:41:41,100,4,26,104
2023-09-05T11:54:33,100,4,26,104
2023-09-05T12:07:35,100,4,26,104
2023-09-05T12:20:28,100,4,26,104
2023-09-05T12:33:20,100,4,26,104
2023-09-05T12:46:12,100,4,26,104
2023-09-05T12:59:03,100,4,26,104
2023-09-05T13:11:55,100,4,26,104
2023-09-05T13:24:46,100,4,26,104
2023-09-05T13:37:48,100,4,26,104
2023-09-05T13:50:40,100,4,26,104
2023-09-05T14:03:32,100,4,26,104
2023-09-05T14:16:26,100,4,26,104
2023-09-05T14:29:18,100,4,26,104
2023-09-05T14:42:11,100,4,26,104
2023-09-05T14:55:03,100,4,26,104
2023-09-05T15:08:05,100,4,26,104
2023-09-05T15:20:57,100,4,26,104
2023-09-05T15:33:51,100,4,26,104
2023-09-05T15:46:44,100,4,26,104
2023-09-05T15:59:38,100,4,26,104
2023-09-05T16:12:30,100,4,26,104
2023-09-05T16:25:22,100,4,26,104
2023-09-05T16:38:24,100,4,26,104
2023-09-05T16:51:17,100,4,26,104
2023-09-05T17:04:10,100,4,26,104
2023-09-05T17:17:06,100,4,26,104
2023-09-05T17:29:59,100,4,26,104
2023-09-05T17:43:02,100,4,26,104
2023-09-05T17:55:56,100,4,26,104
2023-09-05T18:08:49,100,4,26,104
2023-09-05T18:21:41,100,4,26,104
2023-09-05T18:34:34,100,4,26,104
2023-09-05T18:47:37,100,4,26,104
2023-09-05T19:00:29,100,4,26,104
2023-09-05T19:13:22,100,4,26,104
2023-09-05T19:26:15,100,4,26,104
2023-09-05T19:39:08,100,4,26,104
2023-09-05T19:52:10,100,4,26,104
2023-09-05T20:05:03,100,4,26,104
2023-09-05T20:17:55,100,4,26,104
2023-09-05T20:30:48,100,4,26,104
2023-09-05T20:43:49,100,4,26,104
2023-09-05T20:56:42,100,4,26,104
2023-09-05T21:09:35,100,4,26,104
2023-09-05T21:22:27,100,4,26,104
2023-09-05T21:35:29,100,4,26,104
2023-09-05T21:48:23,100,4,26,104
2023-09-05T22:01:15,100,4,26,104
2023-09-05T22:14:08,100,4,26,104
2023-09-05T22:27:01,100,4,26,104
2023-09-05T22:40:04,100,4,26,104
2023-09-05T22:52:57,100,4,26,104
2023-09-05T23:05:50,100,4,26,104
2023-09-05T23:18:45,100,4,26,104
2023-09-05T23:31:39,100,4,26,104
2023-09-05T23:44:34,100,4,26,104
2023-09-05T23:57:27,100,4,26,104
2023-09-06T00:10:24,100,4,26,104
2023-09-06T00:23:25,100,4,26,104
2023-09-06T00:36:33,100,4,26,104
2023-09-06T00:49:32,100,4,26,104
2023-09-06T01:02:30,100,4,26,104
2023-09-06T01:15:28,100,4,26,104
2023-09-06T01:28:26,100,4,26,104
2023-09-06T01:41:23,100,4,26,104
2023-09-06T01:54:26,100,4,26,104
2023-09-06T02:07:24,100,4,26,104
2023-09-06T02:20:19,100,4,26,104
2023-09-06T02:33:15,100,4,26,104
2023-09-06T02:46:10,100,4,26,104
2023-09-06T02:59:04,100,4,26,104
2023-09-06T03:13:36,100,4,26,104
2023-09-06T03:26:37,100,4,26,104
2023-09-06T03:39:33,100,4,26,104
2023-09-06T03:52:31,100,4,26,104
2023-09-06T04:05:28,100,4,26,104
2023-09-06T04:28:07,100,4,26,104
2023-09-06T04:41:30,100,4,26,104
2023-09-06T04:54:28,100,4,26,104
2023-09-06T05:07:25,100,4,26,104
2023-09-06T05:20:22,100,4,26,104
2023-09-06T05:33:19,100,4,26,104
2023-09-06T05:46:15,100,4,26,104
2023-09-06T05:59:11,100,4,26,104
2023-09-06T06:12:06,100,4,26,104
2023-09-06T06:25:04,100,4,26,104
2023-09-06T06:38:10,100,4,26,104
2023-09-06T06:51:09,100,4,26,104
2023-09-06T07:04:10,100,4,26,104
2023-09-06T07:17:17,100,4,26,104
2023-09-06T07:30:17,100,4,26,104
2023-09-06T07:43:13,100,4,26,104
2023-09-06T07:56:09,100,4,26,104
2023-09-06T08:09:05,100,4,26,104
2023-09-06T08:22:02,100,4,26,104
2023-09-06T08:34:59,100,4,26,104
2023-09-06T08:47:54,100,4,26,104
2023-09-06T09:00:49,100,4,26,104
2023-09-06T09:13:54,100,4,26,104
2023-09-06T09:26:50,100,4,26,104
2023-09-06T09:39:47,100,4,26,104
2023-09-06T09:52:44,100,4,26,104
2023-09-06T10:05:41,100,4,26,104
2023-09-06T10:18:49,100,4,26,104
2023-09-06T10:31:46,100,4,26,104
2023-09-06T10:44:41,100,4,26,104
2023-09-06T10:57:48,100,4,26,104
2023-09-06T11:10:43,100,4,26,104
2023-09-06T11:23:38,100,4,26,104
2023-09-06T11:36:32,100,4,26,104
2023-09-06T11:49:36,100,4,26,104
2023-09-06T12:02:31,100,4,26,104
2023-09-06T12:15:26,100,4,26,104
2023-09-06T12:28:21,100,4,26,104
2023-09-06T12:41:16,100,4,26,104
2023-09-06T12:54:21,100,4,26,104
2023-09-06T13:07:15,100,4,26,104
2023-09-06T13:20:10,100,4,26,104
2023-09-06T13:33:05,100,4,26,104
2023-09-06T13:45:59,100,4,26,104
2023-09-06T13:59:06,100,4,26,104
2023-09-06T14:12:00,100,4,26,104
2023-09-06T14:24:57,100,4,26,104
2023-09-06T14:37:51,100,4,26,104
2023-09-06T14:50:47,100,4,26,104
2023-09-06T15:03:43,100,4,26,104
2023-09-06T15:16:51,100,4,26,104
2023-09-06T15:29:46,100,4,26,104
2023-09-06T15:42:40,100,4,26,104
2023-09-06T15:55:34,100,4,26,104
2023-09-06T16:08:28,100,4,26,104
2023-09-06T16:21:22,100,4,26,104
2023-09-06T16:34:27,100,4,26,104
2023-09-06T16:47:20,100,4,26,104
2023-09-06T17:00:14,100,4,26,104
2023-09-06T17:13:10,100,4,26,104
2023-09-06T17:26:04,100,4,26,104
2023-09-06T17:38:57,100,4,26,104
2023-09-06T17:51:50,100,4,26,104
2023-09-06T18:04:55,100,4,26,104
2023-09-06T18:17:48,100,4,26,104
2023-09-06T18:30:41,100,4,26,104
2023-09-06T18:43:35,100,4,26,104
2023-09-06T18:56:28,100,4,26,104
2023-09-06T19:09:21,100,4,26,104
2023-09-06T19:22:14,100,4,26,104
2023-09-06T19:35:08,100,4,26,104
2023-09-06T19:48:12,100,4,26,104
2023-09-06T20:01:05,100,4,26,104
2023-09-06T20:13:58,100,4,26,104
2023-09-06T20:26:52,100,4,26,104
2023-09-06T20:39:46,100,4,26,104
2023-09-06T20:52:40,100,4,26,104
2023-09-06T21:05:33,100,4,26,104
2023-09-06T21:18:27,100,4,26,104
2023-09-06T21:31:32,100,4,26,104
2023-09-06T21:44:25,100,4,26,104
2023-09-06T21:57:18,100,4,26,104
2023-09-06T22:10:12,100,4,26,104
2023-09-06T22:23:06,100,4,26,104
2023-09-06T22:36:01,101,3,25,104
2023-09-06T22:48:56,104,0,22,104
2023-09-06T23:02:00,104,0,22,104
2023-09-06T23:14:56,104,0,22,104
2023-09-06T23:27:50,104,0,22,104
2023-09-06T23:40:44,104,0,22,104
2023-09-06T23:53:37,104,0,22,104
2023-09-07T00:06:33,104,0,22,104
2023-09-07T00:19:37,104,0,22,104
2023-09-07T00:32:44,104,0,22,104
2023-09-07T00:45:41,104,0,22,104
2023-09-07T00:58:38,104,0,22,104
2023-09-07T01:11:35,104,0,22,104
2023-09-07T01:24:31,104,0,22,104
2023-09-07T01:37:28,104,0,22,104
2023-09-07T01:50:25,104,0,22,104
2023-09-07T02:03:22,104,0,22,104
2023-09-07T02:16:16,104,0,22,104
2023-09-07T02:29:12,104,0,22,104
2023-09-07T02:42:19,104,0,22,104
2023-09-07T02:55:15,104,0,22,104
2023-09-07T03:08:15,104,0,22,104
2023-09-07T03:21:12,104,0,22,104
2023-09-07T03:34:07,104,0,22,104
2023-09-07T03:47:03,104,0,22,104
2023-09-07T03:59:59,104,0,22,104
2023-09-07T04:12:55,104,0,22,104
2023-09-07T04:24:10,104,0,22,104
2023-09-07T04:38:21,104,0,22,104
2023-09-07T04:51:43,104,0,22,104
2023-09-07T05:04:42,104,0,22,104
2023-09-07T05:17:43,104,0,22,104
2023-09-07T05:30:40,104,0,22,104
2023-09-07T05:43:38,104,0,22,104
2023-09-07T05:56:36,104,0,22,104
2023-09-07T06:09:34,104,0,22,104
2023-09-07T06:22:31,104,0,22,104
2023-09-07T06:35:28,104,0,22,104
2023-09-07T06:48:25,104,0,22,104
2023-09-07T07:01:22,104,0,22,104
2023-09-07T07:14:20,104,0,22,104
2023-09-07T07:27:16,104,0,22,104
2023-09-07T07:40:12,104,0,22,104
2023-09-07T07:53:08,104,0,22,104
2023-09-07T08:06:13,104,0,22,104
2023-09-07T08:19:08,104,0,22,104
2023-09-07T08:32:06,104,0,22,104
2023-09-07T08:45:01,104,0,23,104
2023-09-07T08:57:58,104,0,23,104
2023-09-07T09:10:54,104,0,23,104
2023-09-07T09:23:50,104,0,23,104
2023-09-07T09:36:46,104,0,23,104
2023-09-07T09:49:53,104,0,23,104
2023-09-07T10:02:48,104,0,23,104
2023-09-07T10:15:41,104,0,23,104
2023-09-07T10:28:37,104,0,23,104
2023-09-07T10:41:32,104,0,23,104
2023-09-07T10:54:27,104,0,23,104
2023-09-07T11:07:34,104,0,23,104
2023-09-07T11:20:28,104,0,23,104
2023-09-07T11:33:23,104,0,23,104
2023-09-07T11:46:18,104,0,23,104
2023-09-07T11:59:12,104,0,23,104
2023-09-07T12:12:17,104,0,23,104
2023-09-07T12:25:12,104,0,23,104
2023-09-07T12:38:06,104,0,23,104
2023-09-07T12:51:01,104,0,23,104
2023-09-07T13:03:56,104,0,24,104
2023-09-07T13:16:51,104,0,24,104
2023-09-07T13:29:55,104,0,24,104
2023-09-07T13:42:50,104,0,24,104
2023-09-07T13:55:44,104,0,24,104
2023-09-07T14:08:38,104,0,24,104
2023-09-07T14:21:33,104,0,24,104
2023-09-07T14:34:26,104,0,24,104
2023-09-07T14:47:31,104,0,24,104
2023-09-07T15:00:24,104,0,24,104
2023-09-07T15:13:17,104,0,24,104
2023-09-07T15:26:12,104,0,24,104
2023-09-07T15:39:07,104,0,24,104
2023-09-07T15:52:00,104,0,24,104
2023-09-07T16:05:04,104,0,24,104
2023-09-07T16:17:58,104,0,24,104
2023-09-07T16:30:51,104,0,24,104
2023-09-07T16:43:44,104,0,24,104
2023-09-07T16:56:37,104,0,24,104
2023-09-07T17:09:31,104,0,24,104
2023-09-07T17:22:36,104,0,23,104
2023-09-07T17:35:29,104,0,23,104
2023-09-07T17:48:23,104,0,23,104
2023-09-07T18:01:16,104,0,23,104
2023-09-07T18:14:10,104,0,23,104
2023-09-07T18:27:03,104,0,23,104
2023-09-07T18:39:57,104,0,23,104
2023-09-07T18:52:50,104,0,23,104
2023-09-07T19:05:55,104,0,23,104
2023-09-07T19:18:48,104,0,23,104
2023-09-07T19:31:41,104,0,23,104
2023-09-07T19:44:34,104,0,23,104
2023-09-07T19:57:29,104,0,23,104
2023-09-07T20:10:22,104,0,23,104
2023-09-07T20:23:15,104,0,23,104
2023-09-07T20:36:18,104,0,23,104
2023-09-07T20:49:11,104,0,23,104
2023-09-07T21:02:04,104,0,23,104
2023-09-07T21:14:57,104,0,23,104
2023-09-07T21:27:50,104,0,23,104
2023-09-07T21:40:43,104,0,23,104
2023-09-07T21:53:37,104,0,23,104
2023-09-07T22:06:31,104,0,23,104
2023-09-07T22:19:25,104,0,23,104
2023-09-07T22:32:31,104,0,23,104
2023-09-07T22:45:25,104,0,23,104
2023-09-07T22:58:19,104,0,23,104
2023-09-07T23:11:14,104,0,23,104
2023-09-07T23:24:08,104,0,23,104
2023-09-07T23:37:03,104,0,23,104
2023-09-07T23:49:58,104,0,23,104
2023-09-08T00:02:52,104,0,23,104
2023-09-08T00:16:13,104,0,23,104
2023-09-08T00:29:12,104,0,23,104
2023-09-08T00:42:09,104,0,23,104
2023-09-08T00:55:08,104,0,23,104
2023-09-08T01:08:06,104,0,23,104
2023-09-08T01:21:04,104,0,23,104
2023-09-08T01:34:02,104,0,23,104
2023-09-08T01:46:59,104,0,23,104
2023-09-08T01:59:57,104,0,23,104
2023-09-08T02:12:54,104,0,23,104
2023-09-08T02:25:50,104,0,23,104
2023-09-08T02:38:48,104,0,23,104
2023-09-08T02:51:43,104,0,23,104
2023-09-08T03:04:39,104,0,23,104
2023-09-08T03:17:36,104,0,23,104
2023-09-08T03:30:32,104,0,23,104
2023-09-08T03:43:39,104,0,23,104
2023-09-08T03:56:35,104,0,23,104
2023-09-08T04:20:14,104,0,23,104
2023-09-08T04:33:37,104,0,23,104
2023-09-08T04:46:38,104,0,23,104
2023-09-08T04:59:35,104,0,23,104
2023-09-08T05:12:30,104,0,23,104
2023-09-08T05:25:29,104,0,23,104
2023-09-08T05:38:29,104,0,23,104
2023-09-08T05:51:28,104,0,23,104
2023-09-08T06:04:28,104,0,23,104
2023-09-08T06:17:25,104,0,23,104
2023-09-08T06:30:21,104,0,23,104
2023-09-08T06:43:19,104,0,23,104
2023-09-08T06:56:16,104,0,23,104
2023-09-08T07:09:15,104,0,23,104
2023-09-08T07:22:12,104,0,23,104
2023-09-08T07:35:11,104,0,23,104
2023-09-08T07:48:14,104,0,23,104
2023-09-08T08:01:10,104,0,23,104
2023-09-08T08:14:05,104,0,23,104
2023-09-08T08:27:01,104,0,23,104
2023-09-08T08:39:57,104,0,23,104
2023-09-08T08:52:53,104,0,23,104
2023-09-08T09:05:50,104,0,23,104
2023-09-08T09:18:47,104,0,23,104
2023-09-08T09:31:43,104,0,23,104
2023-09-08T09:44:40,104,0,23,104
2023-09-08T09:57:35,104,0,23,104
2023-09-08T10:10:32,104,0,23,104
2023-09-08T10:23:28,104,0,23,104
2023-09-08T10:36:35,104,0,23,104
2023-09-08T10:49:30,104,0,23,104
2023-09-08T11:02:25,104,0,23,104
2023-09-08T11:15:20,104,0,23,104
2023-09-08T11:28:15,104,0,23,104
2023-09-08T11:41:10,104,0,23,104
2023-09-08T11:54:05,104,0,23,104
2023-09-08T12:07:11,104,0,23,104
2023-09-08T12:20:06,104,0,23,104
2023-09-08T12:33:01,104,0,23,104
2023-09-08T12:45:55,104,0,23,104
2023-09-08T12:58:50,104,0,23,104
2023-09-08T13:11:45,104,0,23,104
2023-09-08T13:24:41,104,0,23,104
2023-09-08T13:37:35,104,0,23,104
2023-09-08T13:50:40,104,0,23,104
2023-09-08T14:03:36,104,0,23,104
2023-09-08T14:16:32,104,0,23,104
2023-09-08T14:29:27,104,0,23,104
2023-09-08T14:42:23,104,0,23,104
2023-09-08T14:55:17,104,0,23,104
2023-09-08T15:08:23,104,0,23,104
2023-09-08T15:21:18,104,0,23,104
2023-09-08T15:34:13,104,0,23,104
2023-09-08T15:47:08,104,0,23,104
2023-09-08T16:00:03,104,0,23,104
2023-09-08T16:12:58,104,0,23,104
2023-09-08T16:25:54,104,0,23,104
2023-09-08T16:38:59,104,0,23,104
2023-09-08T16:51:53,104,0,23,104
2023-09-08T17:04:49,104,0,23,104
2023-09-08T17:17:45,104,0,23,104
2023-09-08T17:30:39,104,0,23,104
2023-09-08T17:43:34,104,0,23,104
2023-09-08T17:56:31,104,0,23,104
2023-09-08T18:09:26,104,0,23,104
2023-09-08T18:22:24,104,0,23,104
2023-09-08T18:35:30,104,0,23,104
2023-09-08T18:48:26,104,0,23,104
2023-09-08T19:01:22,104,0,23,104
2023-09-08T19:14:18,104,0,23,104
2023-09-08T19:27:13,104,0,23,104
2023-09-08T19:40:08,104,0,23,104
2023-09-08T19:53:03,104,0,23,104
2023-09-08T20:05:58,104,0,23,104
2023-09-08T20:18:53,104,0,23,104
2023-09-08T20:31:48,104,0,22,104
2023-09-08T20:44:44,104,0,22,104
2023-09-08T20:57:51,104,0,22,104
2023-09-08T21:10:45,104,0,22,104
2023-09-08T21:23:40,104,0,22,104
2023-09-08T21:36:35,104,0,22,104
2023-09-08T21:49:30,104,0,22,104
2023-09-08T22:02:25,104,0,22,104
2023-09-08T22:15:20,104,0,22,104
2023-09-08T22:28:14,104,0,22,104
2023-09-08T22:41:20,104,0,22,104
2023-09-08T22:54:14,104,0,22,104
2023-09-08T23:07:11,104,0,22,104
2023-09-08T23:20:06,104,0,22,104
2023-09-08T23:33:02,104,0,22,104
2023-09-08T23:45:57,104,0,22,104
2023-09-08T23:58:53,104,0,22,104
2023-09-09T00:11:53,104,0,22,104
2023-09-09T00:24:54,104,0,22,104
2023-09-09T00:37:52,104,0,22,104
2023-09-09T00:50:52,104,0,22,104
2023-09-09T01:03:52,104,0,22,104
2023-09-09T01:16:50,104,0,22,104
2023-09-09T01:30:02,104,0,22,104
2023-09-09T01:43:02,104,0,22,104
2023-09-09T01:56:02,104,0,22,104
2023-09-09T02:09:01,104,0,22,104
2023-09-09T02:21:58,104,0,22,104
2023-09-09T02:34:56,104,0,22,104
2023-09-09T02:47:53,104,0,22,104
2023-09-09T03:00:47,104,0,22,104
2023-09-09T03:13:44,104,0,22,104
2023-09-09T03:26:41,104,0,22,104
2023-09-09T03:39:38,104,0,22,104
2023-09-09T03:52:34,104,0,22,104
2023-09-09T04:22:55,104,0,22,104
2023-09-09T04:35:58,104,0,22,104
2023-09-09T04:49:00,104,0,22,104
2023-09-09T05:02:00,104,0,22,104
2023-09-09T05:15:04,104,0,22,104
2023-09-09T05:28:04,104,0,22,104
2023-09-09T05:41:03,104,0,22,104
2023-09-09T05:54:02,104,0,22,104
2023-09-09T06:07:00,104,0,22,104
2023-09-09T06:19:59,104,0,22,104
2023-09-09T06:32:59,104,0,22,104
2023-09-09T06:45:58,104,0,22,104
2023-09-09T06:58:57,104,0,22,104
2023-09-09T07:11:56,104,0,22,104
2023-09-09T07:24:54,104,0,22,104
2023-09-09T07:37:52,104,0,22,104
2023-09-09T07:50:48,104,0,22,104
2023-09-09T08:03:56,104,0,22,104
2023-09-09T08:16:54,104,0,22,104
2023-09-09T08:29:52,104,0,22,104
2023-09-09T08:42:50,104,0,22,104
2023-09-09T08:55:49,104,0,22,104
2023-09-09T09:08:48,104,0,22,104
2023-09-09T09:21:46,104,0,22,104
2023-09-09T09:34:44,104,0,22,104
2023-09-09T09:47:41,104,0,22,104
2023-09-09T10:00:40,104,0,22,104
2023-09-09T10:13:37,104,0,22,104
2023-09-09T10:26:34,104,0,22,104
2023-09-09T10:39:31,104,0,22,104
2023-09-09T10:52:39,104,0,22,104
2023-09-09T11:05:37,104,0,22,104
2023-09-09T11:18:33,104,0,22,104
2023-09-09T11:31:29,104,0,22,104
2023-09-09T11:44:24,104,0,22,104
2023-09-09T11:57:20,104,0,22,104
2023-09-09T12:10:16,104,0,22,104
2023-09-09T12:23:10,104,0,22,104
2023-09-09T12:36:05,104,0,22,104
2023-09-09T12:49:01,104,0,22,104
2023-09-09T13:01:57,104,0,22,104
2023-09-09T13:14:51,104,0,22,104
2023-09-09T13:27:47,104,0,22,104
2023-09-09T13:40:51,104,0,22,104
2023-09-09T13:53:47,104,0,22,104
2023-09-09T14:06:43,104,0,22,104
2023-09-09T14:19:38,104,0,22,104
2023-09-09T14:32:33,104,0,22,104
2023-09-09T14:45:29,104,0,22,104
2023-09-09T14:58:25,104,0,22,104
2023-09-09T15:11:19,104,0,22,104
2023-09-09T15:24:14,104,0,22,104
2023-09-09T15:37:09,104,0,22,104
2023-09-09T15:50:04,104,0,22,104
2023-09-09T16:02:59,104,0,22,104
2023-09-09T16:15:54,104,0,22,104
2023-09-09T16:28:58,104,0,22,104
2023-09-09T16:41:54,104,0,22,104
2023-09-09T16:54:49,104,0,22,104
2023-09-09T17:07:44,104,0,22,104
2023-09-09T17:20:39,104,0,22,104
2023-09-09T17:33:35,104,0,22,104
2023-09-09T17:46:30,104,0,22,104
2023-09-09T17:59:26,104,0,22,104
2023-09-09T18:12:21,104,0,22,104
2023-09-09T18:25:16,104,0,22,104
2023-09-09T18:38:12,104,0,22,104
2023-09-09T18:51:06,104,0,22,104
2023-09-09T19:04:01,104,0,22,104
2023-09-09T19:17:06,104,0,22,104
2023-09-09T19:30:01,104,0,22,104
2023-09-09T19:42:56,104,0,22,104
2023-09-09T19:55:51,104,0,22,104
2023-09-09T20:08:46,104,0,22,104
2023-09-09T20:21:42,104,0,22,104
2023-09-09T20:34:38,104,0,22,104
2023-09-09T20:47:33,104,0,22,104
2023-09-09T21:00:28,104,0,22,104
2023-09-09T21:13:23,104,0,22,104
2023-09-09T21:26:18,104,0,22,104
2023-09-09T21:39:13,104,0,22,104
2023-09-09T21:52:08,104,0,22,104
2023-09-09T22:05:13,104,0,22,104
2023-09-09T22:18:08,104,0,22,104
2023-09-09T22:31:04,104,0,22,104
2023-09-09T22:44:00,104,0,22,104
2023-09-09T22:56:55,104,0,22,104
2023-09-09T23:09:52,104,0,22,104
2023-09-09T23:22:48,104,0,22,104
2023-09-09T23:35:43,104,0,22,104
2023-09-09T23:48:38,104,0,22,104
2023-09-10T00:01:34,104,0,22,104
2023-09-10T00:14:33,104,0,22,104
2023-09-10T00:27:43,104,0,22,104
2023-09-10T00:40:40,104,0,22,104
2023-09-10T00:53:35,104,0,22,104
2023-09-10T01:06:30,104,0,22,104
2023-09-10T01:19:25,104,0,22,104
2023-09-10T01:32:30,104,0,22,104
2023-09-10T01:45:26,104,0,22,104
2023-09-10T01:58:22,104,0,22,104
2023-09-10T02:11:17,104,0,22,104
2023-09-10T02:24:15,104,0,22,104
2023-09-10T02:37:20,104,0,22,104
2023-09-10T02:50:20,104,0,22,104
2023-09-10T03:03:21,104,0,22,104
2023-09-10T03:16:45,104,0,22,104
2023-09-10T03:29:46,104,0,22,104
2023-09-10T03:42:55,104,0,22,104
2023-09-10T03:55:55,104,0,22,104
2023-09-10T04:08:55,104,0,22,104
2023-09-10T04:24:09,104,0,22,104
2023-09-10T04:37:33,104,0,22,104
2023-09-10T04:50:41,104,0,22,104
2023-09-10T05:03:45,104,0,22,104
2023-09-10T05:16:44,104,0,22,104
2023-09-10T05:29:43,104,0,22,104
2023-09-10T05:42:42,104,0,22,104
2023-09-10T05:55:42,104,0,22,104
2023-09-10T06:08:41,104,0,22,104
2023-09-10T06:21:49,104,0,22,104
2023-09-10T06:34:49,104,0,22,104
2023-09-10T06:47:49,104,0,22,104
2023-09-10T07:00:47,104,0,22,104
2023-09-10T07:13:45,104,0,22,104
2023-09-10T07:26:46,104,0,22,104
2023-09-10T07:39:44,104,0,22,104
2023-09-10T07:52:42,104,0,22,104
2023-09-10T08:05:41,104,0,22,104
2023-09-10T08:18:40,104,0,22,104
2023-09-10T08:31:43,104,0,22,104
2023-09-10T08:44:40,104,0,22,104
2023-09-10T08:57:38,104,0,22,104
2023-09-10T09:10:35,104,0,22,104
2023-09-10T09:23:36,104,0,22,104
2023-09-10T09:36:35,104,0,22,104
2023-09-10T09:49:32,104,0,22,104
2023-09-10T10:02:31,104,0,22,104
2023-09-10T10:15:28,104,0,22,104
2023-09-10T10:28:36,104,0,22,104
2023-09-10T10:41:32,104,0,22,104
2023-09-10T10:54:28,104,0,22,104
2023-09-10T11:07:23,104,0,22,104
2023-09-10T11:20:17,104,0,22,104
2023-09-10T11:33:13,104,0,22,104
2023-09-10T11:46:07,104,0,22,104
2023-09-10T11:59:02,104,0,22,104
2023-09-10T12:11:58,104,0,22,104
2023-09-10T12:24:53,104,0,22,104
2023-09-10T12:37:47,104,0,22,104
2023-09-10T12:50:43,104,0,22,104
2023-09-10T13:03:48,104,0,22,104
2023-09-10T13:16:44,104,0,22,104
2023-09-10T13:29:39,104,0,22,104
2023-09-10T13:42:34,104,0,22,104
2023-09-10T13:55:30,104,0,22,104
2023-09-10T14:08:25,104,0,22,104
2023-09-10T14:21:20,104,0,22,104
2023-09-10T14:34:14,104,0,22,104
2023-09-10T14:47:09,104,0,22,104
2023-09-10T15:00:05,104,0,22,104
2023-09-10T15:13:00,104,0,22,104
2023-09-10T15:25:55,104,0,22,104
2023-09-10T15:38:59,104,0,22,104
2023-09-10T15:51:55,104,0,22,104
2023-09-10T16:04:50,104,0,22,104
2023-09-10T16:17:45,104,0,22,104
2023-09-10T16:30:41,104,0,22,104
2023-09-10T16:43:37,104,0,22,104
2023-09-10T16:56:32,104,0,22,104
2023-09-10T17:09:27,104,0,22,104
2023-09-10T17:22:22,104,0,22,104
2023-09-10T17:35:18,104,0,22,104
2023-09-10T17:48:13,104,0,22,104
2023-09-10T18:01:08,104,0,22,104
2023-09-10T18:14:15,104,0,22,104
2023-09-10T18:27:10,104,0,22,104
2023-09-10T18:40:08,104,0,22,104
2023-09-10T18:53:03,104,0,22,104
2023-09-10T19:06:02,104,0,22,104
2023-09-10T19:18:59,104,0,22,104
2023-09-10T19:31:55,104,0,22,104
2023-09-10T19:44:51,104,0,22,104
2023-09-10T19:57:47,104,0,22,104
2023-09-10T20:10:42,104,0,22,104
2023-09-10T20:23:37,104,0,22,104
2023-09-10T20:36:33,104,0,22,104
2023-09-10T20:49:39,104,0,22,104
2023-09-10T21:02:34,104,0,22,104
2023-09-10T21:15:29,104,0,22,104
2023-09-10T21:28:26,104,0,22,104
2023-09-10T21:41:23,104,0,22,104
2023-09-10T21:54:19,104,0,22,104
2023-09-10T22:07:16,104,0,22,104
2023-09-10T22:20:12,104,0,22,104
2023-09-10T22:33:09,104,0,22,104
2023-09-10T22:46:04,104,0,22,104
2023-09-10T22:58:59,104,0,22,104
2023-09-10T23:12:08,104,0,22,104
2023-09-10T23:25:06,104,0,22,104
2023-09-10T23:38:02,104,0,22,104
2023-09-10T23:50:58,104,0,22,104
2023-09-11T00:03:54,104,0,22,104
2023-09-11T00:16:52,104,0,22,104
2023-09-11T00:29:57,104,0,22,104
2023-09-11T00:43:02,104,0,22,104
2023-09-11T00:56:05,104,0,22,104
2023-09-11T01:09:03,104,0,22,104
2023-09-11T01:22:00,104,0,22,104
2023-09-11T01:35:05,104,0,22,104
2023-09-11T01:48:06,104,0,22,104
2023-09-11T02:01:07,104,0,22,104
2023-09-11T02:14:10,104,0,22,104
2023-09-11T02:27:09,104,0,22,104
2023-09-11T02:40:09,104,0,22,104
2023-09-11T02:53:08,104,0,22,104
2023-09-11T03:06:18,104,0,22,104
2023-09-11T03:19:17,104,0,22,104
2023-09-11T03:32:17,104,0,22,104
2023-09-11T03:45:18,104,0,22,104
2023-09-11T03:58:17,104,0,22,104
2023-09-11T04:11:18,104,0,22,104
2023-09-11T04:29:13,104,0,22,104
2023-09-11T04:42:37,104,0,22,104
2023-09-11T04:55:39,104,0,22,104
2023-09-11T05:08:50,104,0,22,104
2023-09-11T05:21:51,104,0,22,104
2023-09-11T05:34:50,104,0,22,104
2023-09-11T05:47:51,104,0,22,104
2023-09-11T06:00:51,104,0,22,104
2023-09-11T06:13:51,104,0,22,104
2023-09-11T06:26:51,104,0,22,104
2023-09-11T06:39:52,104,0,22,104
2023-09-11T06:52:51,104,0,22,104
2023-09-11T07:05:50,104,0,22,104
2023-09-11T07:18:47,104,0,22,104
2023-09-11T07:31:42,104,0,22,104
2023-09-11T07:44:37,104,0,22,104
2023-09-11T07:57:32,104,0,22,104
2023-09-11T08:10:31,104,0,22,104
2023-09-11T08:23:27,104,0,22,104
2023-09-11T08:36:32,104,0,22,104
2023-09-11T08:49:29,104,0,22,104
2023-09-11T09:02:25,104,0,22,104
2023-09-11T09:15:22,104,0,22,104
2023-09-11T09:28:19,104,0,22,104
2023-09-11T09:41:16,104,0,22,104
2023-09-11T09:54:13,104,0,22,104
2023-09-11T10:07:23,104,0,22,104
2023-09-11T10:20:18,104,0,22,104
2023-09-11T10:33:15,104,0,22,104
2023-09-11T10:46:15,104,0,22,104
2023-09-11T10:59:11,104,0,22,104
2023-09-11T11:12:07,104,0,22,104
2023-09-11T11:25:13,104,0,22,104
2023-09-11T11:38:10,104,0,22,104
2023-09-11T11:51:06,104,0,22,104
2023-09-11T12:04:02,104,0,22,104
2023-09-11T12:16:58,104,0,22,104
2023-09-11T12:30:05,104,0,22,104
2023-09-11T12:43:01,104,0,22,104
2023-09-11T12:55:57,104,0,22,104
2023-09-11T13:08:53,104,0,22,104
2023-09-11T13:21:52,104,0,22,104
2023-09-11T13:34:48,104,0,22,104
2023-09-11T13:47:54,104,0,22,104
2023-09-11T14:00:50,104,0,22,104
2023-09-11T14:13:47,104,0,22,104
2023-09-11T14:26:45,104,0,22,104
2023-09-11T14:39:42,104,0,22,104
2023-09-11T14:52:40,104,0,22,104
2023-09-11T15:05:47,104,0,22,104
2023-09-11T15:18:44,104,0,22,104
2023-09-11T15:31:41,104,0,22,104
2023-09-11T15:44:38,104,0,22,104
2023-09-11T15:57:34,104,0,22,104
2023-09-11T16:10:32,104,0,22,104
2023-09-11T16:23:29,104,0,22,104
2023-09-11T16:36:37,104,0,22,104
2023-09-11T16:49:35,104,0,22,104
2023-09-11T17:02:32,104,0,22,104
2023-09-11T17:15:31,104,0,22,104
2023-09-11T17:28:40,104,0,22,104
2023-09-11T17:41:37,104,0,22,104
2023-09-11T17:54:34,104,0,22,104
2023-09-11T18:07:33,104,0,22,104
2023-09-11T18:20:30,104,0,22,104
2023-09-11T18:33:37,104,0,22,104
2023-09-11T18:46:33,104,0,22,104
2023-09-11T18:59:28,104,0,22,104
2023-09-11T19:12:27,104,0,22,104
2023-09-11T19:25:23,104,0,22,104
2023-09-11T19:38:19,104,0,22,104
2023-09-11T19:51:16,104,0,22,104
2023-09-11T20:04:30,104,0,22,104
2023-09-11T20:17:26,104,0,22,104
2023-09-11T20:30:22,104,0,22,104
2023-09-11T20:43:19,104,0,22,104
2023-09-11T20:56:15,104,0,22,104
2023-09-11T21:09:12,104,0,22,104
2023-09-11T21:22:19,104,0,22,104
2023-09-11T21:35:16,104,0,22,104
2023-09-11T21:48:12,104,0,22,104
2023-09-11T22:01:10,104,0,22,104
2023-09-11T22:14:06,104,0,22,104
2023-09-11T22:27:02,104,0,22,104
2023-09-11T22:39:59,104,0,22,104
2023-09-11T22:52:55,104,0,22,104
2023-09-11T23:06:05,104,0,22,104
2023-09-11T23:19:01,104,0,22,104
2023-09-11T23:31:58,104,0,22,104
2023-09-11T23:44:55,104,0,22,104
2023-09-11T23:57:51,104,0,22,104
2023-09-12T00:10:50,104,0,22,104
2023-09-12T00:23:57,104,0,22,104
2023-09-12T00:36:58,104,0,22,104
2023-09-12T00:49:59,104,0,22,104
2023-09-12T01:03:12,104,0,22,104
2023-09-12T01:16:12,104,0,22,104
2023-09-12T01:29:12,104,0,22,104
2023-09-12T01:42:14,104,0,22,104
2023-09-12T01:55:15,104,0,22,104
2023-09-12T02:08:16,104,0,22,104
2023-09-12T02:21:14,104,0,22,104
2023-09-12T02:34:13,104,0,22,104
2023-09-12T02:47:12,104,0,22,104
2023-09-12T03:00:08,104,0,22,104
2023-09-12T03:13:07,104,0,22,104
2023-09-12T03:26:06,104,0,22,104
2023-09-12T03:39:06,104,0,22,104
2023-09-12T03:52:05,104,0,22,104
2023-09-12T04:05:04,104,0,22,104
2023-09-12T04:18:17,104,0,22,104
2023-09-12T04:30:37,104,0,22,104
2023-09-12T04:45:01,104,0,22,104
2023-09-12T04:58:23,104,0,22,104
2023-09-12T05:11:27,104,0,22,104
2023-09-12T05:24:28,104,0,22,104
2023-09-12T05:37:30,104,0,22,104
2023-09-12T05:50:31,104,0,22,104
2023-09-12T06:03:31,104,0,22,104
2023-09-12T06:16:30,104,0,22,104
2023-09-12T06:29:30,104,0,22,104
2023-09-12T06:42:32,104,0,22,104
2023-09-12T06:55:33,104,0,22,104
2023-09-12T07:08:34,104,0,22,104
2023-09-12T07:21:34,104,0,22,104
2023-09-12T07:34:33,104,0,22,104
2023-09-12T07:47:31,104,0,22,104
2023-09-12T08:00:31,104,0,22,104
2023-09-12T08:13:30,104,0,22,104
2023-09-12T08:26:41,104,0,22,104
2023-09-12T08:39:41,104,0,22,104
2023-09-12T08:52:40,104,0,22,104
2023-09-12T09:05:39,104,0,22,104
2023-09-12T09:18:40,104,0,22,104
2023-09-12T09:31:37,104,0,22,104
2023-09-12T09:44:34,104,0,22,104
2023-09-12T09:57:31,104,0,22,104
2023-09-12T10:10:41,104,0,22,104
2023-09-12T10:23:37,104,0,22,104
2023-09-12T10:36:35,104,0,22,104
2023-09-12T10:49:33,104,0,22,104
2023-09-12T11:02:31,104,0,22,104
2023-09-12T11:15:27,104,0,22,104
2023-09-12T11:28:24,104,0,21,104
2023-09-12T11:41:33,104,0,21,104
2023-09-12T11:54:30,104,0,21,104
2023-09-12T12:07:28,104,0,21,104
2023-09-12T12:20:25,104,0,21,104
2023-09-12T12:33:23,104,0,21,104
2023-09-12T12:46:30,104,0,21,104
2023-09-12T12:59:27,104,0,21,104
2023-09-12T13:12:24,104,0,21,104
2023-09-12T13:25:21,104,0,21,104
2023-09-12T13:38:18,104,0,21,104
2023-09-12T13:51:16,104,0,21,104
2023-09-12T14:04:15,104,0,21,104
2023-09-12T14:17:24,104,0,21,104
2023-09-12T14:30:22,104,0,21,104
2023-09-12T14:43:19,104,0,21,104
2023-09-12T14:56:16,104,0,21,104
2023-09-12T15:09:15,104,0,21,104
2023-09-12T15:22:24,104,0,21,104
2023-09-12T15:35:22,104,0,21,104
2023-09-12T15:48:19,104,0,21,104
2023-09-12T16:01:17,104,0,21,104
2023-09-12T16:14:14,104,0,21,104
2023-09-12T16:27:11,104,0,21,104
2023-09-12T16:40:19,104,0,21,104
2023-09-12T16:53:17,104,0,21,104
2023-09-12T17:06:14,104,0,21,104
2023-09-12T17:19:12,104,0,21,104
2023-09-12T17:32:09,104,0,21,104
2023-09-12T17:45:07,104,0,21,104
2023-09-12T17:58:03,104,0,21,104
2023-09-12T18:11:12,104,0,21,104
2023-09-12T18:24:09,104,0,21,104
2023-09-12T18:37:06,104,0,21,104
2023-09-12T18:50:02,104,0,21,104
2023-09-12T19:03:01,104,0,21,104
2023-09-12T19:16:00,104,0,21,104
2023-09-12T19:29:09,104,0,21,104
2023-09-12T19:42:06,104,0,21,104
2023-09-12T19:55:04,104,0,21,104
2023-09-12T20:08:00,104,0,21,104
2023-09-12T20:20:58,104,0,21,104
2023-09-12T20:33:56,104,0,21,104
2023-09-12T20:46:54,104,0,21,104
2023-09-12T20:59:50,104,0,21,104
2023-09-12T21:12:59,104,0,21,104
2023-09-12T21:25:57,104,0,21,104
2023-09-12T21:38:54,104,0,21,104
2023-09-12T21:51:51,104,0,21,104
2023-09-12T22:04:48,104,0,21,104
2023-09-12T22:17:45,104,0,21,104
2023-09-12T22:30:43,104,0,21,104
2023-09-12T22:43:53,104,0,21,104
2023-09-12T22:56:49,104,0,21,104
2023-09-12T23:09:47,104,0,21,104
2023-09-12T23:22:45,104,0,21,104
2023-09-12T23:35:43,104,0,21,104
2023-09-12T23:48:41,104,0,21,104
2023-09-13T00:01:38,104,0,21,104
2023-09-13T00:14:49,104,0,21,104
2023-09-13T00:27:49,104,0,21,104
2023-09-13T00:40:50,104,0,21,104
2023-09-13T00:53:52,104,0,21,104
2023-09-13T01:06:55,104,0,21,104
2023-09-13T01:19:59,104,0,21,104
2023-09-13T01:33:02,104,0,21,104
2023-09-13T01:46:04,104,0,21,104
2023-09-13T01:59:05,104,0,21,104
2023-09-13T02:12:09,104,0,21,104
2023-09-13T02:25:10,104,0,21,104
2023-09-13T02:38:20,104,0,21,104
2023-09-13T02:51:22,104,0,21,104
2023-09-13T03:04:23,104,0,21,104
2023-09-13T03:17:27,104,0,21,104
2023-09-13T03:30:31,104,0,21,104
2023-09-13T03:43:31,104,0,21,104
2023-09-13T03:56:33,104,0,21,104
2023-09-13T04:09:37,104,0,21,104
2023-09-13T04:24:53,104,0,21,104
2023-09-13T04:38:14,104,0,21,104
2023-09-13T04:51:19,104,0,21,104
2023-09-13T05:04:25,104,0,21,104
2023-09-13T05:17:28,104,0,21,104
2023-09-13T05:30:29,104,0,21,104
2023-09-13T05:43:31,104,0,21,104
2023-09-13T05:56:33,104,0,21,104
2023-09-13T06:09:34,104,0,21,104
2023-09-13T06:22:34,104,0,21,104
2023-09-13T06:35:35,104,0,21,104
2023-09-13T06:48:36,104,0,21,104
2023-09-13T07:01:37,104,0,21,104
2023-09-13T07:14:37,104,0,21,104
2023-09-13T07:27:40,104,0,21,104
2023-09-13T07:40:41,104,0,21,104
2023-09-13T07:53:39,104,0,21,104
2023-09-13T08:06:40,104,0,21,104
2023-09-13T08:19:49,104,0,21,104
2023-09-13T08:32:50,104,0,21,104
2023-09-13T08:45:51,104,0,21,104
2023-09-13T08:58:50,104,0,21,104
2023-09-13T09:11:50,104,0,21,104
2023-09-13T09:24:50,104,0,21,104
2023-09-13T09:37:48,104,0,21,104
2023-09-13T09:50:46,104,0,21,104
2023-09-13T10:03:44,104,0,21,104
2023-09-13T10:16:54,104,0,21,104
2023-09-13T10:29:51,104,0,21,104
2023-09-13T10:42:49,104,0,21,104
2023-09-13T10:55:47,104,0,21,104
2023-09-13T11:08:45,104,0,21,104
2023-09-13T11:21:43,104,0,21,104
2023-09-13T11:37:34,104,0,21,104
2023-09-13T11:50:42,104,0,21,104
2023-09-13T12:03:40,104,0,21,104
2023-09-13T12:16:38,104,0,21,104
2023-09-13T12:29:37,104,0,21,104
2023-09-13T12:42:35,104,0,21,104
2023-09-13T12:55:32,104,0,21,104
2023-09-13T13:08:40,104,0,21,104
2023-09-13T13:21:37,104,0,21,104
2023-09-13T13:34:35,104,0,21,104
2023-09-13T13:47:32,104,0,21,104
2023-09-13T14:00:30,104,0,21,104
2023-09-13T14:13:27,104,0,21,104
2023-09-13T14:26:25,104,0,21,104
2023-09-13T14:39:22,104,0,21,104
2023-09-13T14:52:30,104,0,21,104
2023-09-13T15:05:27,104,0,21,104
2023-09-13T15:18:24,104,0,21,104
2023-09-13T15:31:21,104,0,21,104
2023-09-13T15:44:19,104,0,21,104
2023-09-13T15:57:20,104,0,21,104
2023-09-13T16:10:28,104,0,21,104
2023-09-13T16:23:26,104,0,21,104
2023-09-13T16:36:23,104,0,21,104
2023-09-13T16:49:21,104,0,21,104
2023-09-13T17:02:18,104,0,21,104
2023-09-13T17:15:17,104,0,21,104
2023-09-13T17:28:14,104,0,21,104
2023-09-13T17:41:11,104,0,21,104
2023-09-13T17:54:18,104,0,21,104
2023-09-13T18:07:14,104,0,21,104
2023-09-13T18:20:11,104,0,21,104
2023-09-13T18:33:09,104,0,21,104
2023-09-13T18:46:07,104,0,21,104
2023-09-13T18:59:04,104,0,21,104
2023-09-13T19:12:02,104,0,21,104
2023-09-13T19:25:00,104,0,21,104
2023-09-13T19:38:07,104,0,21,104
2023-09-13T19:51:04,104,0,21,104
2023-09-13T20:04:02,104,0,21,104
2023-09-13T20:16:59,104,0,21,104
2023-09-13T20:29:57,104,0,21,104
2023-09-13T20:42:54,104,0,21,104
2023-09-13T20:55:51,104,0,21,104
2023-09-13T21:08:48,104,0,21,104
2023-09-13T21:21:45,104,0,21,104
2023-09-13T21:34:52,104,0,21,104
2023-09-13T21:47:51,104,0,21,104
2023-09-13T22:00:49,104,0,21,104
2023-09-13T22:13:46,104,0,21,104
2023-09-13T22:26:43,104,0,21,104
2023-09-13T22:39:42,104,0,21,104
2023-09-13T22:52:40,104,0,21,104
2023-09-13T23:05:37,104,0,21,104
2023-09-13T23:18:46,104,0,21,104
2023-09-13T23:31:44,104,0,21,104
2023-09-13T23:44:42,104,0,21,104
2023-09-13T23:57:39,104,0,21,104
2023-09-14T00:10:38,104,0,21,104
2023-09-14T00:23:41,104,0,21,104
2023-09-14T00:36:41,104,0,21,104
2023-09-14T00:49:43,104,0,21,104
2023-09-14T01:02:46,104,0,21,104
2023-09-14T01:15:48,104,0,21,104
2023-09-14T01:28:58,104,0,21,104
2023-09-14T01:41:59,104,0,21,104
2023-09-14T01:55:02,104,0,21,104
2023-09-14T02:08:04,104,0,21,104
2023-09-14T02:21:03,104,0,21,104
2023-09-14T02:34:02,104,0,21,104
2023-09-14T02:47:02,104,0,21,104
2023-09-14T02:59:59,104,0,21,104
2023-09-14T03:12:58,104,0,21,104
2023-09-14T03:25:58,104,0,21,104
2023-09-14T03:38:58,104,0,21,104
2023-09-14T03:51:58,104,0,21,104
2023-09-14T04:05:02,104,0,21,104
2023-09-14T04:18:14,104,0,21,104
2023-09-14T04:29:40,104,0,21,104
2023-09-14T04:43:56,104,0,21,104
2023-09-14T04:57:14,104,0,21,104
2023-09-14T05:10:18,104,0,21,104
2023-09-14T05:23:21,104,0,21,104
2023-09-14T05:36:25,104,0,21,104
2023-09-14T05:49:26,104,0,21,104
2023-09-14T06:02:28,104,0,21,104
2023-09-14T06:15:29,104,0,21,104
2023-09-14T06:28:31,104,0,21,104
2023-09-14T06:41:32,104,0,21,104
2023-09-14T06:54:32,104,0,21,104
2023-09-14T07:07:34,104,0,21,104
2023-09-14T07:20:38,104,0,21,104
2023-09-14T07:33:37,104,0,21,104
2023-09-14T07:46:37,104,0,21,104
2023-09-14T07:59:38,104,0,21,104
2023-09-14T08:12:38,104,0,21,104
2023-09-14T08:25:47,104,0,21,104
2023-09-14T08:38:48,104,0,21,104
2023-09-14T08:51:48,104,0,21,104
2023-09-14T09:04:50,104,0,21,104
2023-09-14T09:17:47,104,0,21,104
2023-09-14T09:30:46,104,0,21,104
2023-09-14T09:43:44,104,0,21,104
2023-09-14T09:56:43,104,0,21,104
2023-09-14T10:09:42,104,0,21,104
2023-09-14T10:22:49,104,0,21,104
2023-09-14T10:35:48,104,0,21,104
2023-09-14T10:48:47,104,0,21,104
2023-09-14T11:01:45,104,0,21,104
2023-09-14T11:14:45,104,0,22,104
2023-09-14T11:27:44,104,0,21,104
2023-09-14T11:40:43,104,0,21,104
2023-09-14T11:53:54,104,0,21,104
2023-09-14T12:06:52,104,0,21,104
2023-09-14T12:19:51,104,0,21,104
2023-09-14T12:32:49,104,0,21,104
2023-09-14T12:45:48,104,0,21,104
2023-09-14T12:58:46,104,0,21,104
2023-09-14T13:11:45,104,0,21,104
2023-09-14T13:24:43,104,0,21,104
2023-09-14T13:37:52,104,0,21,104
2023-09-14T13:50:51,104,0,21,104
2023-09-14T14:03:51,104,0,21,104
2023-09-14T14:16:49,104,0,21,104
2023-09-14T14:29:48,104,0,21,104
2023-09-14T14:42:49,104,0,21,104
2023-09-14T14:55:48,104,0,21,104
2023-09-14T15:08:58,104,0,21,104
2023-09-14T15:21:56,104,0,21,104
2023-09-14T15:34:54,104,0,21,104
2023-09-14T15:47:54,104,0,21,104
2023-09-14T16:00:52,104,0,21,104
2023-09-14T16:13:50,104,0,21,104
2023-09-14T16:26:59,104,0,21,104
2023-09-14T16:39:59,104,0,21,104
2023-09-14T16:52:57,104,0,21,104
2023-09-14T17:05:56,104,0,21,104
2023-09-14T17:18:54,104,0,21,104
2023-09-14T17:31:53,104,0,21,104
2023-09-14T17:44:51,104,0,21,104
2023-09-14T17:57:50,104,0,21,104
2023-09-14T18:10:59,104,0,21,104
2023-09-14T18:23:57,104,0,21,104
2023-09-14T18:36:55,104,0,21,104
2023-09-14T18:49:53,104,0,21,104
2023-09-14T19:02:52,104,0,21,104
2023-09-14T19:15:50,104,0,21,104
2023-09-14T19:28:50,104,0,21,104
2023-09-14T19:41:49,104,0,21,104
2023-09-14T19:54:57,104,0,21,104
2023-09-14T20:07:56,104,0,21,104
2023-09-14T20:20:55,104,0,21,104
2023-09-14T20:33:53,104,0,21,104
2023-09-14T20:46:52,104,0,21,104
2023-09-14T20:59:50,104,0,21,104
2023-09-14T21:12:48,104,0,21,104
2023-09-14T21:25:46,104,0,21,104
2023-09-14T21:38:45,104,0,21,104
2023-09-14T21:51:54,104,0,21,104
2023-09-14T22:04:53,104,0,21,104
2023-09-14T22:17:51,104,0,21,104
2023-09-14T22:30:50,104,0,21,104
2023-09-14T22:43:47,104,0,21,104
2023-09-14T22:56:45,104,0,21,104
2023-09-14T23:09:44,104,0,21,104
2023-09-14T23:22:42,104,0,21,104
2023-09-14T23:35:51,104,0,21,104
2023-09-14T23:48:50,104,0,21,104
2023-09-15T00:01:50,104,0,21,104
2023-09-15T00:14:52,104,0,21,104
2023-09-15T00:27:55,104,0,21,104
2023-09-15T00:40:58,104,0,21,104
2023-09-15T00:54:01,104,0,21,104
2023-09-15T01:07:04,104,0,21,104
2023-09-15T01:20:07,104,0,21,104
2023-09-15T01:33:48,104,0,21,104
2023-09-15T01:46:52,104,0,21,104
2023-09-15T01:59:54,104,0,21,104
2023-09-15T02:12:56,104,0,21,104
2023-09-15T02:26:07,104,0,21,104
2023-09-15T02:39:08,104,0,21,104
2023-09-15T02:52:08,104,0,21,104
2023-09-15T03:05:08,104,0,21,104
2023-09-15T03:18:11,104,0,21,104
2023-09-15T03:31:15,104,0,21,104
2023-09-15T03:44:18,104,0,21,104
2023-09-15T03:57:20,104,0,21,104
2023-09-15T04:10:23,104,0,21,104
2023-09-15T04:23:00,104,0,21,104
2023-09-15T04:36:22,104,0,21,104
2023-09-15T04:49:25,104,0,21,104
2023-09-15T05:02:28,104,0,21,104
2023-09-15T05:15:33,104,0,21,104
2023-09-15T05:28:36,104,0,21,104
2023-09-15T05:41:38,104,0,21,104
2023-09-15T05:54:40,104,0,21,104
2023-09-15T06:07:44,104,0,21,104
2023-09-15T06:20:48,104,0,21,104
2023-09-15T06:33:50,104,0,21,104
2023-09-15T06:46:52,104,0,21,104
2023-09-15T06:59:53,104,0,21,104
2023-09-15T07:12:55,104,0,21,104
2023-09-15T07:25:59,104,0,21,104
2023-09-15T07:38:59,104,0,21,104
2023-09-15T07:52:12,104,0,21,104
2023-09-15T08:05:13,104,0,21,104
2023-09-15T08:18:14,104,0,21,104
2023-09-15T08:31:15,104,0,21,104
2023-09-15T08:44:14,104,0,21,104
2023-09-15T08:57:12,104,0,21,104
2023-09-15T09:10:10,104,0,21,104
2023-09-15T09:23:09,104,0,21,104
2023-09-15T09:36:07,104,0,21,104
2023-09-15T09:49:06,104,0,21,104
2023-09-15T10:02:05,104,0,21,104
2023-09-15T10:15:03,104,0,21,104
2023-09-15T10:28:12,104,0,21,104
2023-09-15T10:41:11,104,0,21,104
2023-09-15T10:54:09,104,0,21,104
2023-09-15T11:07:08,104,0,21,104
2023-09-15T11:20:08,104,0,21,104
2023-09-15T11:33:08,104,0,20,104
2023-09-15T11:46:07,104,0,20,104
2023-09-15T11:59:18,104,0,20,104
2023-09-15T12:12:17,104,0,20,104
2023-09-15T12:25:17,104,0,20,104
2023-09-15T12:38:15,104,0,20,104
2023-09-15T12:51:15,104,0,20,104
2023-09-15T13:04:14,104,0,20,104
2023-09-15T13:17:14,104,0,20,104
2023-09-15T13:30:23,104,0,20,104
2023-09-15T13:43:23,104,0,20,104
2023-09-15T13:56:22,104,0,20,104
2023-09-15T14:09:22,104,0,20,104
2023-09-15T14:22:21,104,0,20,104
2023-09-15T14:35:20,104,0,20,104
2023-09-15T14:48:20,104,0,20,104
2023-09-15T15:01:29,104,0,20,104
2023-09-15T15:14:28,104,0,20,104
2023-09-15T15:27:28,104,0,20,104
2023-09-15T15:40:28,104,0,21,104
2023-09-15T15:53:28,104,0,21,104
2023-09-15T16:06:27,104,0,21,104
2023-09-15T16:19:26,104,0,21,104
2023-09-15T16:32:36,104,0,21,104
2023-09-15T16:45:35,104,0,21,104
2023-09-15T16:58:34,104,0,21,104
2023-09-15T17:11:34,104,0,21,104
2023-09-15T17:24:33,104,0,21,104
2023-09-15T17:37:33,104,0,21,104
2023-09-15T17:50:32,104,0,21,104
2023-09-15T18:03:31,104,0,21,104
2023-09-15T18:16:39,104,0,21,104
2023-09-15T18:29:38,104,0,21,104
2023-09-15T18:42:37,104,0,21,104
2023-09-15T18:55:35,104,0,21,104
2023-09-15T19:08:34,104,0,21,104
2023-09-15T19:21:33,104,0,21,104
2023-09-15T19:34:33,104,0,21,104
2023-09-15T19:47:32,104,0,21,104
2023-09-15T20:00:41,104,0,21,104
2023-09-15T20:13:40,104,0,21,104
2023-09-15T20:26:38,104,0,21,104
2023-09-15T20:39:38,104,0,21,104
2023-09-15T20:52:37,104,0,21,104
2023-09-15T21:05:36,104,0,21,104
2023-09-15T21:18:36,104,0,21,104
2023-09-15T21:31:34,104,0,21,104
2023-09-15T21:44:33,104,0,21,104
2023-09-15T21:57:32,104,0,21,104
2023-09-15T22:10:41,104,0,21,104
2023-09-15T22:23:40,104,0,21,104
2023-09-15T22:36:38,104,0,21,104
2023-09-15T22:49:37,104,0,21,104
2023-09-15T23:02:36,104,0,21,104
2023-09-15T23:15:35,104,0,21,104
2023-09-15T23:28:35,104,0,21,104
2023-09-15T23:41:34,104,0,21,104
2023-09-15T23:54:35,104,0,21,104
2023-09-16T00:07:47,104,0,21,104
2023-09-16T00:20:52,104,0,21,104
2023-09-16T00:33:56,104,0,21,104
2023-09-16T00:47:00,104,0,21,104
2023-09-16T01:00:05,104,0,21,104
2023-09-16T01:13:09,104,0,21,104
2023-09-16T01:26:12,104,0,21,104
2023-09-16T01:39:16,104,0,21,104
2023-09-16T01:52:21,104,0,21,104
2023-09-16T02:05:27,104,0,21,104
2023-09-16T02:18:27,104,0,21,104
2023-09-16T02:31:28,104,0,21,104
2023-09-16T02:44:29,104,0,21,104
2023-09-16T02:57:29,104,0,21,104
2023-09-16T03:10:29,104,0,21,104
2023-09-16T03:23:42,104,0,21,104
2023-09-16T03:36:44,104,0,21,104
2023-09-16T03:49:48,104,0,21,104
2023-09-16T04:02:51,104,0,21,104
2023-09-16T04:16:00,104,0,21,104
2023-09-16T04:30:27,104,0,21,104
2023-09-16T04:43:50,104,0,21,104
2023-09-16T04:56:56,104,0,21,104
2023-09-16T05:10:00,104,0,21,104
2023-09-16T05:23:02,104,0,21,104
2023-09-16T05:36:05,104,0,21,104
2023-09-16T05:49:08,104,0,21,104
2023-09-16T06:02:11,104,0,21,104
2023-09-16T06:15:14,104,0,21,104
2023-09-16T06:28:16,104,0,21,104
2023-09-16T06:41:19,104,0,21,104
2023-09-16T06:54:23,104,0,21,104
2023-09-16T07:07:25,104,0,21,104
2023-09-16T07:20:26,104,0,21,104
2023-09-16T07:33:31,104,0,21,104
2023-09-16T07:46:32,104,0,21,104
2023-09-16T07:59:44,104,0,21,104
2023-09-16T08:12:46,104,0,21,104
2023-09-16T08:25:48,104,0,21,104
2023-09-16T08:38:52,104,0,21,104
2023-09-16T08:52:03,104,0,21,104
2023-09-16T09:05:05,104,0,21,104
2023-09-16T09:18:08,104,0,21,104
2023-09-16T09:31:10,104,0,21,104
2023-09-16T09:44:13,104,0,21,104
2023-09-16T09:57:24,104,0,21,104
2023-09-16T10:10:27,104,0,21,104
2023-09-16T10:23:29,104,0,21,104
2023-09-16T10:36:40,104,0,21,104
2023-09-16T10:49:42,104,0,21,104
2023-09-16T11:02:44,104,0,21,104
2023-09-16T11:15:46,104,0,21,104
2023-09-16T11:28:47,104,0,21,104
2023-09-16T11:41:45,104,0,21,104
2023-09-16T11:54:44,104,0,21,104
2023-09-16T12:07:44,104,0,21,104
2023-09-16T12:20:43,104,0,21,104
2023-09-16T12:33:51,104,0,21,104
2023-09-16T12:46:49,104,0,21,104
2023-09-16T12:59:49,104,0,21,104
2023-09-16T13:12:48,104,0,21,104
2023-09-16T13:25:48,104,0,21,104
2023-09-16T13:38:47,104,0,21,104
2023-09-16T13:51:45,104,0,21,104
2023-09-16T14:04:45,104,0,21,104
2023-09-16T14:17:44,104,0,21,104
2023-09-16T14:30:43,104,0,21,104
2023-09-16T14:43:53,104,0,21,104
2023-09-16T14:56:52,104,0,21,104
2023-09-16T15:09:52,104,0,21,104
2023-09-16T15:22:51,104,0,21,104
2023-09-16T15:35:50,104,0,21,104
2023-09-16T15:48:49,104,0,21,104
2023-09-16T16:01:49,104,0,21,104
2023-09-16T16:14:47,104,0,21,104
2023-09-16T16:27:46,104,0,21,104
2023-09-16T16:40:45,104,0,21,104
2023-09-16T16:53:44,104,0,21,104
2023-09-16T17:06:53,104,0,21,104
2023-09-16T17:19:52,104,0,21,104
2023-09-16T17:32:51,104,0,21,104
2023-09-16T17:45:51,104,0,21,104
2023-09-16T17:58:50,104,0,21,104
2023-09-16T18:11:49,104,0,21,104
2023-09-16T18:24:47,104,0,21,104
2023-09-16T18:37:46,104,0,21,104
2023-09-16T18:50:45,104,0,21,104
2023-09-16T19:03:45,104,0,21,104
2023-09-16T19:16:44,104,0,21,104
2023-09-16T19:29:44,104,0,21,104
2023-09-16T19:42:53,104,0,21,104
2023-09-16T19:55:53,104,0,21,104
2023-09-16T20:08:52,104,0,21,104
2023-09-16T20:21:51,104,0,21,104
2023-09-16T20:34:50,104,0,21,104
2023-09-16T20:47:49,104,0,21,104
2023-09-16T21:00:48,104,0,21,104
2023-09-16T21:13:47,104,0,21,104
2023-09-16T21:26:47,104,0,21,104
2023-09-16T21:39:46,104,0,21,104
2023-09-16T21:52:44,104,0,21,104
2023-09-16T22:05:43,104,0,21,104
2023-09-16T22:18:43,104,0,21,104
2023-09-16T22:31:53,104,0,21,104
2023-09-16T22:44:51,104,0,21,104
2023-09-16T22:57:49,104,0,21,104
2023-09-16T23:10:49,104,0,21,104
2023-09-16T23:23:49,104,0,21,104
2023-09-16T23:36:47,104,0,21,104
2023-09-16T23:49:46,104,0,21,104
2023-09-17T00:02:46,104,0,21,104
2023-09-17T00:15:46,104,0,21,104
2023-09-17T00:28:47,104,0,21,104
2023-09-17T00:54:44,104,0,21,104
2023-09-17T01:07:43,104,0,21,104
2023-09-17T01:20:42,104,0,21,104
2023-09-17T01:33:40,104,0,21,104
2023-09-17T01:46:42,104,0,21,104
2023-09-17T01:59:46,104,0,21,104
2023-09-17T02:12:51,104,0,21,104
2023-09-17T02:26:11,104,0,21,104
2023-09-17T02:39:17,104,0,21,104
2023-09-17T02:52:40,104,0,21,104
2023-09-17T03:05:41,104,0,21,104
2023-09-17T03:18:45,104,0,21,104
2023-09-17T03:31:47,104,0,21,104
2023-09-17T03:44:51,104,0,21,104
2023-09-17T03:57:55,104,0,21,104
2023-09-17T04:20:28,104,0,21,104
2023-09-17T04:33:33,104,0,21,104
2023-09-17T04:48:13,104,0,21,104
2023-09-17T05:01:19,104,0,21,104
2023-09-17T05:14:25,104,0,21,104
2023-09-17T05:27:28,104,0,21,104
2023-09-17T05:40:29,104,0,21,104
2023-09-17T05:53:30,104,0,21,104
2023-09-17T06:06:32,104,0,21,104
2023-09-17T06:19:37,104,0,21,104
2023-09-17T06:32:39,104,0,21,104
2023-09-17T06:45:39,104,0,21,104
2023-09-17T06:58:38,104,0,21,104
2023-09-17T07:11:37,104,0,21,104
2023-09-17T07:24:36,104,0,21,104
2023-09-17T07:37:36,104,0,21,104
2023-09-17T07:50:35,104,0,21,104
2023-09-17T08:03:35,104,0,21,104
2023-09-17T08:16:36,104,0,21,104
2023-09-17T08:29:40,104,0,21,104
2023-09-17T08:42:49,104,0,21,104
2023-09-17T08:55:59,104,0,21,104
2023-09-17T09:09:01,104,0,21,104
2023-09-17T09:22:16,104,0,21,104
2023-09-17T09:35:22,104,0,21,104
2023-09-17T09:48:29,104,0,21,104
2023-09-17T10:01:38,104,0,21,104
2023-09-17T10:14:43,104,0,21,104
2023-09-17T10:27:46,104,0,21,104
2023-09-17T10:40:58,104,0,21,104
2023-09-17T10:53:57,104,0,21,104
2023-09-17T11:06:57,104,0,21,104
2023-09-17T11:19:56,104,0,21,104
2023-09-17T11:32:55,104,0,21,104
2023-09-17T11:45:54,104,0,21,104
2023-09-17T11:58:52,104,0,21,104
2023-09-17T12:11:51,104,0,21,104
2023-09-17T12:24:49,104,0,21,104
2023-09-17T12:37:47,104,0,21,104
2023-09-17T12:50:55,104,0,21,104
2023-09-17T13:03:53,104,0,21,104
2023-09-17T13:16:52,103,1,21,104
2023-09-17T13:29:50,103,1,21,104
2023-09-17T13:42:49,103,1,21,104
2023-09-17T13:55:48,103,1,21,104
2023-09-17T14:08:47,103,1,21,104
2023-09-17T14:21:46,103,1,21,104
2023-09-17T14:34:44,103,1,21,104
2023-09-17T14:47:42,103,1,21,104
2023-09-17T15:00:51,103,1,21,104
2023-09-17T15:13:49,103,1,21,104
2023-09-17T15:26:48,103,1,21,104
2023-09-17T15:39:46,103,1,21,104
2023-09-17T15:52:45,103,1,21,104
2023-09-17T16:05:43,103,1,21,104
2023-09-17T16:18:43,103,1,21,104
2023-09-17T16:31:42,103,1,21,104
2023-09-17T16:44:41,103,1,21,104
2023-09-17T16:57:40,103,1,21,104
2023-09-17T17:10:49,103,1,21,104
2023-09-17T17:23:48,103,1,21,104
2023-09-17T17:36:49,103,1,21,104
2023-09-17T17:49:48,103,1,21,104
2023-09-17T18:02:46,103,1,21,104
2023-09-17T18:15:44,103,1,21,104
2023-09-17T18:28:43,103,1,21,104
2023-09-17T18:41:44,103,1,21,104
2023-09-17T18:54:42,103,1,21,104
2023-09-17T19:07:43,103,1,21,104
2023-09-17T19:20:43,103,1,21,104
2023-09-17T19:33:54,103,1,21,104
2023-09-17T19:46:53,103,1,21,104
2023-09-17T19:59:52,103,1,21,104
2023-09-17T20:12:52,103,1,21,104
2023-09-17T20:25:51,103,1,21,104
2023-09-17T20:38:51,103,1,21,104
2023-09-17T20:51:49,103,1,21,104
2023-09-17T21:04:48,103,1,21,104
2023-09-17T21:17:47,103,1,21,104
2023-09-17T21:31:00,103,1,21,104
2023-09-17T21:44:01,103,1,21,104
2023-09-17T21:57:01,103,1,21,104
2023-09-17T22:10:01,103,1,21,104
2023-09-17T22:23:00,103,1,21,104
2023-09-17T22:36:00,104,0,20,104
2023-09-17T22:48:59,104,0,20,104
2023-09-17T23:01:59,104,0,20,104
2023-09-17T23:14:58,104,0,20,104
2023-09-17T23:27:58,104,0,20,104
2023-09-17T23:41:09,104,0,20,104
2023-09-17T23:54:10,104,0,20,104
2023-09-18T00:07:11,104,0,20,104
2023-09-18T00:20:17,104,0,20,104
2023-09-18T00:33:31,104,0,20,104
2023-09-18T00:46:39,104,0,20,104
2023-09-18T00:59:45,104,0,20,104
2023-09-18T01:12:46,104,0,20,104
2023-09-18T01:26:03,104,0,20,104
2023-09-18T01:39:07,104,0,20,104
2023-09-18T01:52:11,104,0,20,104
2023-09-18T02:05:19,104,0,20,104
2023-09-18T02:18:21,104,0,20,104
2023-09-18T02:31:30,104,0,20,104
2023-09-18T02:44:32,104,0,20,104
2023-09-18T02:57:35,104,0,20,104
2023-09-18T03:10:38,104,0,20,104
2023-09-18T03:23:43,104,0,20,104
2023-09-18T03:36:47,104,0,20,104
2023-09-18T03:49:48,104,0,20,104
2023-09-18T04:02:51,104,0,20,104
2023-09-18T04:17:44,104,0,20,104
2023-09-18T04:28:57,104,0,20,104
2023-09-18T04:42:28,104,0,20,104
2023-09-18T04:55:34,104,0,20,104
2023-09-18T05:08:43,104,0,20,104
2023-09-18T05:21:47,104,0,20,104
2023-09-18T05:34:50,104,0,20,104
2023-09-18T05:47:54,104,0,20,104
2023-09-18T06:00:59,104,0,20,104
2023-09-18T06:14:03,104,0,20,104
2023-09-18T06:27:08,104,0,20,104
2023-09-18T06:40:11,104,0,20,104
2023-09-18T06:53:15,104,0,20,104
2023-09-18T07:06:16,104,0,20,104
2023-09-18T07:19:19,104,0,20,104
2023-09-18T07:32:20,104,0,20,104
2023-09-18T07:45:20,104,0,20,104
2023-09-18T07:58:22,104,0,20,104
2023-09-18T08:11:24,104,0,20,104
2023-09-18T08:24:28,104,0,20,104
2023-09-18T08:37:30,104,0,20,104
2023-09-18T08:50:51,104,0,20,104
2023-09-18T09:03:50,104,0,20,104
2023-09-18T09:16:50,104,0,20,104
2023-09-18T09:29:49,104,0,20,104
2023-09-18T09:42:48,104,0,20,104
2023-09-18T09:55:48,104,0,20,104
2023-09-18T10:08:49,104,0,20,104
2023-09-18T10:21:49,104,0,20,104
2023-09-18T10:35:06,104,0,20,104
2023-09-18T10:48:06,104,0,20,104
2023-09-18T11:01:05,104,0,20,104
2023-09-18T11:14:05,104,0,20,104
2023-09-18T11:27:04,104,0,20,104
2023-09-18T11:40:05,104,0,20,104
2023-09-18T11:53:04,104,0,20,104
2023-09-18T12:06:13,104,0,20,104
2023-09-18T12:19:13,104,0,20,104
2023-09-18T12:32:14,104,0,20,104
2023-09-18T12:45:14,104,0,20,104
2023-09-18T12:58:14,104,0,20,104
2023-09-18T13:11:24,104,0,20,104
2023-09-18T13:24:25,104,0,20,104
2023-09-18T13:37:25,104,0,20,104
2023-09-18T13:50:24,104,0,20,104
2023-09-18T14:03:24,104,0,20,104
2023-09-18T14:16:24,104,0,20,104
2023-09-18T14:29:41,104,0,20,104
2023-09-18T14:42:41,104,0,20,104
2023-09-18T14:55:42,104,0,20,104
2023-09-18T15:08:42,104,0,20,104
2023-09-18T15:21:43,104,0,20,104
2023-09-18T15:34:54,104,0,20,104
2023-09-18T15:47:53,104,0,20,104
2023-09-18T16:00:54,104,0,20,104
2023-09-18T16:13:54,104,0,20,104
2023-09-18T16:27:13,103,1,20,104
2023-09-18T16:40:12,103,1,20,104
2023-09-18T16:53:11,103,1,20,104
2023-09-18T17:06:11,103,1,20,104
2023-09-18T17:19:11,103,1,20,104
2023-09-18T17:32:11,102,2,20,104
2023-09-18T17:45:11,102,2,21,104
2023-09-18T17:58:11,102,2,21,104
2023-09-18T18:11:22,102,2,21,104
2023-09-18T18:24:22,102,2,21,104
2023-09-18T18:37:22,102,2,21,104
2023-09-18T18:50:22,102,2,21,104
2023-09-18T19:03:22,102,2,21,104
2023-09-18T19:16:22,102,2,21,104
2023-09-18T19:29:22,102,2,21,104
2023-09-18T19:42:32,102,2,21,104
2023-09-18T19:55:32,102,2,21,104
2023-09-18T20:08:32,102,2,21,104
2023-09-18T20:21:31,102,2,21,104
2023-09-18T20:34:33,102,2,21,104
2023-09-18T20:47:32,102,2,21,104
2023-09-18T21:00:33,102,2,21,104
2023-09-18T21:13:32,102,2,21,104
2023-09-18T21:26:31,102,2,21,104
2023-09-18T21:39:42,102,2,21,104
2023-09-18T21:52:43,102,2,21,104
2023-09-18T22:05:42,102,2,21,104
2023-09-18T22:18:42,102,2,21,104
2023-09-18T22:31:43,104,0,19,104
2023-09-18T22:44:43,104,0,19,104
2023-09-18T22:57:42,104,0,19,104
2023-09-18T23:10:58,104,0,19,104
2023-09-18T23:24:19,104,0,19,104
2023-09-18T23:37:19,104,0,19,104
2023-09-18T23:50:19,104,0,19,104
2023-09-19T00:03:21,104,0,19,104
2023-09-19T00:16:27,104,0,19,104
2023-09-19T00:29:35,104,0,19,104
2023-09-19T00:42:39,104,0,19,104
2023-09-19T00:55:44,104,0,19,104
2023-09-19T01:08:49,104,0,19,104
2023-09-19T01:21:53,104,0,19,104
2023-09-19T01:35:15,104,0,19,104
2023-09-19T01:48:18,104,0,19,104
2023-09-19T02:01:22,104,0,19,104
2023-09-19T02:14:37,104,0,19,104
2023-09-19T02:27:39,104,0,19,104
2023-09-19T02:40:42,104,0,19,104
2023-09-19T02:53:44,104,0,19,104
2023-09-19T03:06:45,104,0,19,104
2023-09-19T03:19:48,104,0,19,104
2023-09-19T03:32:51,104,0,19,104
2023-09-19T03:45:54,104,0,19,104
2023-09-19T03:58:58,104,0,19,104
2023-09-19T04:12:02,104,0,19,104
2023-09-19T04:30:34,104,0,19,104
2023-09-19T04:45:02,104,0,19,104
2023-09-19T04:58:27,104,0,19,104
2023-09-19T05:11:37,104,0,19,104
2023-09-19T05:24:42,104,0,19,104
2023-09-19T05:37:46,104,0,19,104
2023-09-19T05:50:51,104,0,19,104
2023-09-19T06:03:55,104,0,19,104
2023-09-19T06:16:59,104,0,19,104
2023-09-19T06:30:02,104,0,19,104
2023-09-19T06:43:05,104,0,19,104
2023-09-19T06:56:08,104,0,19,104
2023-09-19T07:09:13,104,0,19,104
2023-09-19T07:22:16,104,0,19,104
2023-09-19T07:35:21,104,0,19,104
2023-09-19T07:48:22,104,0,19,104
2023-09-19T08:01:24,104,0,19,104
2023-09-19T08:14:26,104,0,19,104
2023-09-19T08:27:29,104,0,19,104
2023-09-19T08:40:32,104,0,19,104
2023-09-19T08:53:34,104,0,19,104
2023-09-19T09:06:36,104,0,19,104
2023-09-19T09:19:55,104,0,19,104
2023-09-19T09:32:56,104,0,19,104
2023-09-19T09:45:58,104,0,19,104
2023-09-19T09:58:59,104,0,19,104
2023-09-19T10:12:00,104,0,19,104
2023-09-19T10:25:01,104,0,19,104
2023-09-19T10:38:03,104,0,19,104
2023-09-19T10:51:03,104,0,19,104
2023-09-19T11:04:03,104,0,19,104
2023-09-19T11:17:18,104,0,19,104
2023-09-19T11:30:18,104,0,19,104
2023-09-19T11:43:18,104,0,19,104
2023-09-19T11:56:18,104,0,19,104
2023-09-19T12:09:19,104,0,19,104
2023-09-19T12:22:41,104,0,19,104
2023-09-19T12:35:41,104,0,19,104
2023-09-19T12:48:40,104,0,19,104
2023-09-19T13:01:40,104,0,19,104
2023-09-19T13:14:40,104,0,19,104
2023-09-19T13:27:39,104,0,19,104
2023-09-19T13:40:39,104,0,19,104
2023-09-19T13:53:49,104,0,19,104
2023-09-19T14:06:49,104,0,19,104
2023-09-19T14:19:49,104,0,19,104
2023-09-19T14:32:48,104,0,19,104
2023-09-19T14:45:49,104,0,19,104
2023-09-19T14:59:12,104,0,19,104
2023-09-19T15:12:12,104,0,19,104
2023-09-19T15:25:12,104,0,19,104
2023-09-19T15:38:12,104,0,19,104
2023-09-19T15:51:12,104,0,19,104
2023-09-19T16:04:12,104,0,19,104
2023-09-19T16:17:22,104,0,19,104
2023-09-19T16:30:21,104,0,19,104
2023-09-19T16:43:21,104,0,19,104
2023-09-19T16:56:20,104,0,19,104
2023-09-19T17:09:20,104,0,19,104
2023-09-19T17:22:20,104,0,19,104
2023-09-19T17:35:20,104,0,19,104
2023-09-19T17:48:41,104,0,19,104
2023-09-19T18:01:40,104,0,19,104
2023-09-19T18:14:40,104,0,19,104
2023-09-19T18:27:39,104,0,19,104
2023-09-19T18:40:40,104,0,19,104
2023-09-19T18:53:39,104,0,19,104
2023-09-19T19:06:39,104,0,19,104
2023-09-19T19:19:49,104,0,19,104
2023-09-19T19:32:50,104,0,19,104
2023-09-19T19:45:50,104,0,19,104
2023-09-19T19:58:51,104,0,19,104
2023-09-19T20:11:51,104,0,19,104
2023-09-19T20:24:52,104,0,19,104
2023-09-19T20:38:13,104,0,19,104
2023-09-19T20:51:12,104,0,19,104
2023-09-19T21:04:12,104,0,19,104
2023-09-19T21:17:12,104,0,19,104
2023-09-19T21:30:12,104,0,19,104
2023-09-19T21:43:12,104,0,19,104
2023-09-19T21:56:11,104,0,19,104
2023-09-19T22:09:22,104,0,19,104
2023-09-19T22:22:22,104,0,19,104
2023-09-19T22:35:21,104,0,19,104
2023-09-19T22:48:20,104,0,19,104
2023-09-19T23:01:20,104,0,19,104
2023-09-19T23:14:21,104,0,19,104
2023-09-19T23:27:41,104,0,19,104
2023-09-19T23:40:41,104,0,19,104
2023-09-19T23:53:42,104,0,19,104
2023-09-20T00:06:43,104,0,19,104
2023-09-20T00:19:47,104,0,19,104
2023-09-20T00:32:51,104,0,19,104
2023-09-20T00:45:57,104,0,19,104
2023-09-20T00:59:02,104,0,19,104
2023-09-20T01:12:07,104,0,19,104
2023-09-20T01:25:12,104,0,19,104
2023-09-20T01:38:17,104,0,19,104
2023-09-20T01:51:23,104,0,19,104
2023-09-20T02:04:40,104,0,19,104
2023-09-20T02:17:44,104,0,19,104
2023-09-20T02:30:48,104,0,19,104
2023-09-20T02:43:50,104,0,19,104
2023-09-20T02:56:52,104,0,19,104
2023-09-20T03:09:55,104,0,19,104
2023-09-20T03:23:23,104,0,19,104
2023-09-20T03:36:44,104,0,19,104
2023-09-20T03:49:49,104,0,19,104
2023-09-20T04:03:01,104,0,19,104
2023-09-20T04:27:20,104,0,19,104
2023-09-20T04:40:48,104,0,19,104
2023-09-20T04:53:52,104,0,19,104
2023-09-20T05:07:07,104,0,19,104
2023-09-20T05:20:13,104,0,19,104
2023-09-20T05:33:17,104,0,19,104
2023-09-20T05:46:31,104,0,19,104
2023-09-20T05:59:37,104,0,19,104
2023-09-20T06:12:41,104,0,19,104
2023-09-20T06:25:45,104,0,19,104
2023-09-20T06:38:49,104,0,19,104
2023-09-20T06:51:52,104,0,19,104
2023-09-20T07:04:55,104,0,19,104
2023-09-20T07:17:58,104,0,19,104
2023-09-20T07:31:01,104,0,19,104
2023-09-20T07:44:03,104,0,19,104
2023-09-20T07:57:05,104,0,19,104
2023-09-20T08:10:07,104,0,19,104
2023-09-20T08:23:10,104,0,19,104
2023-09-20T08:36:19,104,0,19,104
2023-09-20T08:49:18,104,0,19,104
2023-09-20T09:02:18,104,0,19,104
2023-09-20T09:15:22,104,0,19,104
2023-09-20T09:28:22,104,0,19,104
2023-09-20T09:41:22,104,0,19,104
2023-09-20T09:54:22,104,0,19,104
2023-09-20T10:07:31,104,0,19,104
2023-09-20T10:20:32,104,0,19,104
2023-09-20T10:33:32,104,0,19,104
2023-09-20T10:46:31,104,0,19,104
2023-09-20T10:59:31,104,0,19,104
2023-09-20T11:12:31,104,0,19,104
2023-09-20T11:25:31,104,0,19,104
2023-09-20T11:38:41,104,0,19,104
2023-09-20T11:51:41,104,0,19,104
2023-09-20T12:04:42,104,0,19,104
2023-09-20T12:17:42,104,0,19,104
2023-09-20T12:30:42,104,0,19,104
2023-09-20T12:43:42,104,0,19,104
2023-09-20T12:56:52,104,0,19,104
2023-09-20T13:09:52,104,0,19,104
2023-09-20T13:22:51,104,0,19,104
2023-09-20T13:35:51,104,0,19,104
2023-09-20T13:48:52,104,0,19,104
2023-09-20T14:01:53,104,0,19,104
2023-09-20T14:15:04,104,0,19,104
2023-09-20T14:28:04,104,0,19,104
2023-09-20T14:41:05,104,0,19,104
2023-09-20T14:54:05,104,0,19,104
2023-09-20T15:07:06,104,0,19,104
2023-09-20T15:20:09,104,0,19,104
2023-09-20T15:33:09,104,0,19,104
2023-09-20T15:46:20,104,0,19,104
2023-09-20T15:59:20,104,0,19,104
2023-09-20T16:12:20,104,0,19,104
2023-09-20T16:25:20,104,0,19,104
2023-09-20T16:38:20,104,0,19,104
2023-09-20T16:51:21,104,0,19,104
2023-09-20T17:04:32,104,0,19,104
2023-09-20T17:17:35,104,0,19,104
2023-09-20T17:30:35,104,0,19,104
2023-09-20T17:43:35,104,0,19,104
2023-09-20T17:56:37,104,0,19,104
2023-09-20T18:09:37,104,0,19,104
2023-09-20T18:22:37,104,0,19,104
2023-09-20T18:35:46,104,0,19,104
2023-09-20T18:48:46,104,0,19,104
2023-09-20T19:01:47,104,0,19,104
2023-09-20T19:14:48,104,0,19,104
2023-09-20T19:27:50,104,0,19,104
2023-09-20T19:40:50,104,0,19,104
2023-09-20T19:53:50,104,0,19,104
2023-09-20T20:07:02,104,0,19,104
2023-09-20T20:20:02,104,0,19,104
2023-09-20T20:33:02,104,0,19,104
2023-09-20T20:46:03,104,0,19,104
2023-09-20T20:59:02,104,0,19,104
2023-09-20T21:12:02,104,0,19,104
2023-09-20T21:25:14,104,0,19,104
2023-09-20T21:38:14,104,0,19,104
2023-09-20T21:51:14,104,0,19,104
2023-09-20T22:04:14,104,0,19,104
2023-09-20T22:17:14,104,0,19,104
2023-09-20T22:30:15,104,0,19,104
2023-09-20T22:43:16,104,0,19,104
2023-09-20T22:56:27,104,0,19,104
2023-09-20T23:09:27,104,0,19,104
2023-09-20T23:22:28,104,0,19,104
2023-09-20T23:35:28,104,0,19,104
2023-09-20T23:48:28,104,0,19,104
2023-09-21T00:01:29,104,0,19,104
2023-09-21T00:14:35,104,0,19,104
2023-09-21T00:27:40,104,0,19,104
2023-09-21T00:40:45,104,0,19,104
2023-09-21T00:54:00,104,0,19,104
2023-09-21T01:07:06,104,0,19,104
2023-09-21T01:20:10,104,0,19,104
2023-09-21T01:33:13,104,0,19,104
2023-09-21T01:46:17,104,0,19,104
2023-09-21T01:59:22,104,0,19,104
2023-09-21T02:12:26,104,0,19,104
2023-09-21T02:25:29,104,0,19,104
2023-09-21T02:38:32,104,0,19,104
2023-09-21T02:51:34,104,0,19,104
2023-09-21T03:04:35,104,0,19,104
2023-09-21T03:17:39,104,0,19,104
2023-09-21T03:30:43,104,0,19,104
2023-09-21T03:43:47,104,0,19,104
2023-09-21T03:56:52,104,0,19,104
2023-09-21T04:09:59,104,0,19,104
2023-09-21T04:26:15,104,0,19,104
2023-09-21T04:39:22,104,0,19,104
2023-09-21T04:54:04,104,0,19,104
2023-09-21T05:07:12,104,0,19,104
2023-09-21T05:20:16,104,0,19,104
2023-09-21T05:33:20,104,0,19,104
2023-09-21T05:46:24,104,0,19,104
2023-09-21T05:59:28,104,0,19,104
2023-09-21T06:12:30,104,0,19,104
2023-09-21T06:25:36,104,0,19,104
2023-09-21T06:38:43,104,0,19,104
2023-09-21T06:51:47,104,0,19,104
2023-09-21T07:04:51,104,0,19,104
2023-09-21T07:17:55,104,0,19,104
2023-09-21T07:30:58,104,0,19,104
2023-09-21T07:44:01,104,0,19,104
2023-09-21T07:57:05,104,0,19,104
2023-09-21T08:10:09,104,0,19,104
2023-09-21T08:23:15,104,0,19,104
2023-09-21T08:36:33,104,0,19,104
2023-09-21T08:49:35,104,0,19,104
2023-09-21T09:02:37,104,0,19,104
2023-09-21T09:15:39,104,0,19,104
2023-09-21T09:28:39,104,0,19,104
2023-09-21T09:41:39,104,0,19,104
2023-09-21T09:54:39,104,0,19,104
2023-09-21T10:07:40,104,0,19,104
2023-09-21T10:20:40,104,0,19,104
2023-09-21T10:33:51,104,0,19,104
2023-09-21T10:46:51,104,0,19,104
2023-09-21T10:59:52,104,0,19,104
2023-09-21T11:12:52,104,0,19,104
2023-09-21T11:25:52,104,0,19,104
2023-09-21T11:38:53,104,0,19,104
2023-09-21T11:52:13,104,0,19,104
2023-09-21T12:05:13,104,0,19,104
2023-09-21T12:18:14,104,0,19,104
2023-09-21T12:31:14,104,0,19,104
2023-09-21T12:44:15,104,0,19,104
2023-09-21T12:57:16,104,0,19,104
2023-09-21T13:10:27,104,0,19,104
2023-09-21T13:23:27,104,0,19,104
2023-09-21T13:36:30,104,0,19,104
2023-09-21T13:49:31,104,0,19,104
2023-09-21T14:02:32,104,0,19,104
2023-09-21T14:15:43,104,0,19,104
2023-09-21T14:28:43,104,0,19,104
2023-09-21T14:41:44,104,0,19,104
2023-09-21T14:54:45,104,0,19,104
2023-09-21T15:07:46,104,0,19,104
2023-09-21T15:20:47,104,0,19,104
2023-09-21T15:33:59,104,0,19,104
2023-09-21T15:47:01,104,0,19,104
2023-09-21T16:00:02,104,0,19,104
2023-09-21T16:13:03,104,0,19,104
2023-09-21T16:26:05,104,0,19,104
2023-09-21T16:39:07,104,0,19,104
2023-09-21T16:52:18,104,0,19,104
2023-09-21T17:05:19,104,0,19,104
2023-09-21T17:18:21,104,0,19,104
2023-09-21T17:31:22,104,0,19,104
2023-09-21T17:44:22,104,0,19,104
2023-09-21T17:57:24,104,0,19,104
2023-09-21T18:10:24,104,0,19,104
2023-09-21T18:23:37,104,0,19,104
2023-09-21T18:36:38,104,0,19,104
2023-09-21T18:49:39,104,0,19,104
2023-09-21T19:02:40,104,0,19,104
2023-09-21T19:15:41,104,0,20,104
2023-09-21T19:28:42,104,0,20,104
2023-09-21T19:41:43,104,0,19,104
2023-09-21T19:55:02,104,0,19,104
2023-09-21T20:08:03,104,0,19,104
2023-09-21T20:21:04,104,0,19,104
2023-09-21T20:34:05,104,0,19,104
2023-09-21T20:47:05,104,0,19,104
2023-09-21T21:00:06,104,0,19,104
2023-09-21T21:13:06,104,0,19,104
2023-09-21T21:26:10,104,0,19,104
2023-09-21T21:39:21,104,0,19,104
2023-09-21T21:52:22,104,0,19,104
2023-09-21T22:05:23,104,0,19,104
2023-09-21T22:18:24,104,0,19,104
2023-09-21T22:31:25,104,0,19,104
2023-09-21T22:44:25,104,0,19,104
2023-09-21T22:57:25,104,0,19,104
2023-09-21T23:10:47,104,0,19,104
2023-09-21T23:23:48,104,0,19,104
2023-09-21T23:36:50,104,0,19,104
2023-09-21T23:49:52,104,0,19,104
2023-09-22T00:02:54,104,0,19,104
2023-09-22T00:15:58,104,0,19,104
2023-09-22T00:29:03,104,0,19,104
2023-09-22T00:42:10,104,0,19,104
2023-09-22T00:55:15,104,0,19,104
2023-09-22T01:08:32,104,0,19,104
2023-09-22T01:21:37,104,0,19,104
2023-09-22T01:34:44,104,0,19,104
2023-09-22T01:47:50,104,0,19,104
2023-09-22T02:00:56,104,0,19,104
2023-09-22T02:14:03,104,0,19,104
2023-09-22T02:27:05,104,0,19,104
2023-09-22T02:40:11,104,0,19,104
2023-09-22T02:53:14,104,0,19,104
2023-09-22T03:06:17,104,0,19,104
2023-09-22T03:19:24,104,0,19,104
2023-09-22T03:32:48,104,0,19,104
2023-09-22T03:45:54,104,0,19,104
2023-09-22T03:58:59,104,0,19,104
2023-09-22T07:04:16,104,0,19,104
2023-09-22T07:17:21,104,0,19,104
2023-09-22T07:30:29,104,0,19,104
2023-09-22T07:43:32,104,0,19,104
2023-09-22T07:56:36,104,0,19,104
2023-09-22T08:09:47,104,0,19,104
2023-09-22T08:22:50,104,0,19,104
2023-09-22T08:35:53,104,0,19,104
2023-09-22T08:48:56,104,0,19,104
2023-09-22T09:01:57,104,0,19,104
2023-09-22T09:15:00,104,0,19,104
2023-09-22T09:28:02,104,0,19,104
2023-09-22T09:41:04,104,0,19,104
2023-09-22T09:54:06,104,0,19,104
2023-09-22T10:07:19,104,0,19,104
2023-09-22T10:20:22,104,0,19,104
2023-09-22T10:33:24,104,0,19,104
2023-09-22T10:46:26,104,0,19,104
2023-09-22T10:59:27,104,0,19,104
2023-09-22T11:12:28,104,0,19,104
2023-09-22T11:25:40,104,0,19,104
2023-09-22T11:38:43,104,0,19,104
2023-09-22T11:51:43,104,0,19,104
2023-09-22T12:04:44,104,0,19,104
2023-09-22T12:17:46,104,0,19,104
2023-09-22T12:30:51,104,0,19,104
2023-09-22T12:44:10,104,0,19,104
2023-09-22T12:57:11,104,0,19,104
2023-09-22T13:10:13,104,0,19,104
2023-09-22T13:23:15,104,0,19,104
2023-09-22T13:36:16,104,0,19,104
2023-09-22T13:49:17,104,0,19,104
2023-09-22T14:02:21,104,0,18,104
2023-09-22T14:15:34,104,0,18,104
2023-09-22T14:28:40,104,0,18,104
2023-09-22T14:41:44,104,0,18,104
2023-09-22T14:54:48,104,0,18,104
2023-09-22T15:07:52,104,0,18,104
2023-09-22T15:20:57,104,0,18,104
2023-09-22T15:34:12,104,0,18,104
2023-09-22T15:47:15,104,0,18,104
2023-09-22T16:00:15,104,0,18,104
2023-09-22T16:13:17,104,0,18,104
2023-09-22T16:26:18,104,0,18,104
2023-09-22T16:39:19,104,0,18,104
2023-09-22T16:52:39,104,0,18,104
2023-09-22T17:05:40,104,0,18,104
2023-09-22T17:18:42,104,0,18,104
2023-09-22T17:31:42,104,0,18,104
2023-09-22T17:44:44,104,0,18,104
2023-09-22T17:57:45,104,0,18,104
2023-09-22T18:10:55,104,0,18,104
2023-09-22T18:23:57,104,0,18,104
2023-09-22T18:37:00,104,0,18,104
2023-09-22T18:50:02,104,0,18,104
2023-09-22T19:03:04,104,0,18,104
2023-09-22T19:16:05,104,0,18,104
2023-09-22T19:29:08,104,0,18,104
2023-09-22T19:42:18,104,0,18,104
2023-09-22T19:55:19,104,0,18,104
2023-09-22T20:08:20,104,0,18,104
2023-09-22T20:21:22,104,0,18,104
2023-09-22T20:34:23,104,0,18,104
2023-09-22T20:47:24,104,0,18,104
2023-09-22T20:54:17,104,0,18,104
2023-09-22T21:07:19,104,0,18,104
2023-09-22T21:20:19,104,0,18,104
2023-09-22T21:33:19,104,0,18,104
2023-09-22T21:46:20,104,0,18,104
2023-09-22T21:59:21,104,0,18,104
2023-09-22T22:12:22,104,0,18,104
2023-09-22T22:25:34,104,0,18,104
2023-09-22T22:38:35,104,0,18,104
2023-09-22T22:51:35,104,0,18,104
2023-09-22T23:04:38,104,0,18,104
2023-09-22T23:17:39,104,0,18,104
2023-09-22T23:30:40,104,0,18,104
2023-09-22T23:43:42,104,0,18,104
2023-09-22T23:56:44,104,0,18,104
2023-09-23T00:09:47,104,0,18,104
2023-09-23T00:23:06,104,0,18,104
2023-09-23T00:36:12,104,0,18,104
2023-09-23T00:49:19,104,0,18,104
2023-09-23T00:57:32,104,0,18,104
2023-09-23T01:10:39,104,0,18,104
2023-09-23T01:23:45,104,0,18,104
2023-09-23T01:36:52,104,0,18,104
2023-09-23T01:49:59,104,0,18,104
2023-09-23T02:03:06,104,0,18,104
2023-09-23T02:16:10,104,0,18,104
2023-09-23T02:29:14,104,0,18,104
2023-09-23T02:42:20,104,0,18,104
2023-09-23T02:55:22,104,0,18,104
2023-09-23T03:08:25,104,0,18,104
2023-09-23T03:21:29,104,0,18,104
2023-09-23T03:34:33,104,0,18,104
2023-09-23T03:47:40,104,0,18,104
2023-09-23T04:02:45,104,0,18,104
2023-09-23T04:20:33,104,0,18,104
2023-09-23T04:34:07,104,0,18,104
2023-09-23T04:47:15,104,0,18,104
2023-09-23T05:00:21,104,0,18,104
2023-09-23T05:13:28,104,0,18,104
2023-09-23T05:26:34,104,0,18,104
2023-09-23T05:39:40,104,0,18,104
2023-09-23T05:52:46,104,0,18,104
2023-09-23T06:05:51,104,0,18,104
2023-09-23T06:18:58,104,0,18,104
2023-09-23T06:32:03,104,0,18,104
2023-09-23T06:45:08,104,0,18,104
2023-09-23T06:58:13,104,0,18,104
2023-09-23T07:11:18,104,0,18,104
2023-09-23T07:24:22,104,0,18,104
2023-09-23T07:37:26,104,0,18,104
2023-09-23T07:50:30,104,0,18,104
2023-09-23T08:03:43,104,0,18,104
2023-09-23T08:16:47,104,0,18,104
2023-09-23T08:29:52,104,0,18,104
2023-09-23T08:42:57,104,0,18,104
2023-09-23T08:56:01,104,0,18,104
2023-09-23T09:09:05,104,0,18,104
2023-09-23T09:22:08,104,0,18,104
2023-09-23T09:35:12,104,0,18,104
2023-09-23T09:48:15,104,0,18,104
2023-09-23T10:01:17,104,0,18,104
2023-09-23T10:14:20,104,0,18,104
2023-09-23T10:27:22,104,0,18,104
2023-09-23T10:40:35,104,0,18,104
2023-09-23T10:53:38,104,0,18,104
2023-09-23T11:06:39,104,0,18,104
2023-09-23T11:19:40,104,0,18,104
2023-09-23T11:32:40,104,0,18,104
2023-09-23T11:45:43,104,0,18,104
2023-09-23T11:58:44,104,0,19,104
2023-09-23T12:11:44,104,0,19,104
2023-09-23T12:24:48,104,0,19,104
2023-09-23T12:37:59,104,0,19,104
2023-09-23T12:51:00,104,0,19,104
2023-09-23T13:04:01,104,0,19,104
2023-09-23T13:17:02,104,0,19,104
2023-09-23T13:30:02,104,0,19,104
2023-09-23T13:43:04,104,0,19,104
2023-09-23T13:56:04,104,0,19,104
2023-09-23T14:09:14,104,0,19,104
2023-09-23T14:22:16,104,0,19,104
2023-09-23T14:35:22,104,0,19,104
2023-09-23T14:48:23,104,0,19,104
2023-09-23T15:01:25,104,0,19,104
2023-09-23T15:14:25,104,0,19,104
2023-09-23T15:27:27,104,0,19,104
2023-09-23T15:40:28,104,0,19,104
2023-09-23T15:53:38,104,0,19,104
2023-09-23T16:06:39,104,0,19,104
2023-09-23T16:19:39,104,0,19,104
2023-09-23T16:32:40,104,0,19,104
2023-09-23T16:45:41,104,0,19,104
2023-09-23T16:58:42,104,0,19,104
2023-09-23T17:11:43,104,0,19,104
2023-09-23T17:24:45,104,0,19,104
2023-09-23T17:37:46,104,0,19,104
2023-09-23T17:50:47,104,0,19,104
2023-09-23T18:03:58,104,0,19,104
2023-09-23T18:16:59,104,0,19,104
2023-09-23T18:29:59,104,0,19,104
2023-09-23T18:43:00,104,0,19,104
2023-09-23T18:56:01,104,0,19,104
2023-09-23T19:09:03,104,0,19,104
2023-09-23T19:22:04,104,0,19,104
2023-09-23T19:35:05,104,0,19,104
2023-09-23T19:48:06,104,0,19,104
2023-09-23T20:01:17,104,0,19,104
2023-09-23T20:14:18,104,0,19,104
2023-09-23T20:27:18,104,0,19,104
2023-09-23T20:40:19,104,0,19,104
2023-09-23T20:53:20,104,0,19,104
2023-09-23T21:06:22,104,0,19,104
2023-09-23T21:19:23,104,0,19,104
2023-09-23T21:32:24,104,0,19,104
2023-09-23T21:45:25,104,0,19,104
2023-09-23T21:58:36,104,0,19,104
2023-09-23T22:11:36,104,0,19,104
2023-09-23T22:24:37,104,0,19,104
2023-09-23T22:37:38,104,0,19,104
2023-09-23T22:50:39,104,0,19,104
2023-09-23T23:03:40,104,0,19,104
2023-09-23T23:16:41,104,0,19,104
2023-09-23T23:29:42,104,0,19,104
2023-09-23T23:42:43,104,0,19,104
2023-09-23T23:55:43,104,0,19,104
2023-09-24T00:08:56,104,0,19,104
2023-09-24T00:22:03,104,0,19,104
2023-09-24T00:35:05,104,0,19,104
2023-09-24T00:48:07,104,0,19,104
2023-09-24T01:01:08,104,0,19,104
2023-09-24T01:14:09,104,0,19,104
2023-09-24T01:27:09,104,0,19,104
2023-09-24T01:40:10,104,0,19,104
2023-09-24T01:53:12,104,0,19,104
2023-09-24T02:06:14,104,0,19,104
2023-09-24T02:19:15,104,0,19,104
2023-09-24T02:32:17,104,0,19,104
2023-09-24T02:45:21,104,0,19,104
2023-09-24T02:58:22,104,0,19,104
2023-09-24T03:11:23,104,0,19,104
2023-09-24T03:24:26,104,0,19,104
2023-09-24T03:37:28,104,0,19,104
2023-09-24T03:50:58,104,0,19,104
2023-09-24T04:04:06,104,0,19,104
2023-09-24T04:21:19,104,0,19,104
2023-09-24T04:34:51,104,0,19,104
2023-09-24T04:47:59,104,0,19,104
2023-09-24T05:01:05,104,0,19,104
2023-09-24T05:14:13,104,0,19,104
2023-09-24T05:27:19,104,0,19,104
2023-09-24T05:40:26,104,0,19,104
2023-09-24T05:53:33,104,0,19,104
2023-09-24T06:06:39,104,0,19,104
2023-09-24T06:19:45,104,0,19,104
2023-09-24T06:32:50,104,0,19,104
2023-09-24T06:45:55,104,0,19,104
2023-09-24T06:59:01,104,0,19,104
2023-09-24T07:12:23,104,0,19,104
2023-09-24T07:25:27,104,0,19,104
2023-09-24T07:38:31,104,0,19,104
2023-09-24T07:51:34,104,0,19,104
2023-09-24T08:04:40,104,0,19,104
2023-09-24T08:17:43,104,0,19,104
2023-09-24T08:30:47,104,0,19,104
2023-09-24T08:43:55,104,0,19,104
2023-09-24T08:56:57,104,0,19,104
2023-09-24T09:10:02,104,0,19,104
2023-09-24T09:23:07,104,0,19,104
2023-09-24T09:36:22,104,0,19,104
2023-09-24T09:49:29,104,0,19,104
2023-09-24T10:02:34,104,0,19,104
2023-09-24T10:15:40,104,0,19,104
2023-09-24T10:28:47,104,0,19,104
2023-09-24T10:41:57,104,0,19,104
2023-09-24T10:55:06,104,0,19,104
2023-09-24T11:08:12,104,0,19,104
2023-09-24T11:21:15,104,0,19,104
2023-09-24T11:34:28,104,0,19,104
2023-09-24T11:47:29,104,0,19,104
2023-09-24T12:00:30,104,0,19,104
2023-09-24T12:13:33,104,0,19,104
2023-09-24T12:26:34,104,0,19,104
2023-09-24T12:39:35,104,0,19,104
2023-09-24T12:52:47,104,0,19,104
2023-09-24T13:05:47,104,0,19,104
2023-09-24T13:18:48,104,0,19,104
2023-09-24T13:31:48,104,0,19,104
2023-09-24T13:44:49,104,0,19,104
2023-09-24T13:57:50,104,0,19,104
2023-09-24T14:10:51,104,0,19,104
2023-09-24T14:23:52,104,0,19,104
2023-09-24T14:37:03,104,0,19,104
2023-09-24T14:50:04,104,0,19,104
2023-09-24T15:03:05,104,0,19,104
2023-09-24T15:16:06,104,0,19,104
2023-09-24T15:29:07,104,0,19,104
2023-09-24T15:42:08,104,0,19,104
2023-09-24T15:55:10,104,0,19,104
2023-09-24T16:08:20,104,0,19,104
2023-09-24T16:21:22,104,0,19,104
2023-09-24T16:34:23,104,0,19,104
2023-09-24T16:47:25,104,0,19,104
2023-09-24T17:00:25,104,0,19,104
2023-09-24T17:13:27,104,0,19,104
2023-09-24T17:26:27,104,0,19,104
2023-09-24T17:39:38,104,0,19,104
2023-09-24T17:52:39,104,0,19,104
2023-09-24T18:05:40,104,0,19,104
2023-09-24T18:18:41,104,0,19,104
2023-09-24T18:31:42,104,0,19,104
2023-09-24T18:44:52,104,0,19,104
2023-09-24T18:57:53,104,0,19,104
2023-09-24T19:10:57,104,0,19,104
2023-09-24T19:23:59,104,0,19,104
2023-09-24T19:36:59,104,0,19,104
2023-09-24T19:50:00,104,0,19,104
2023-09-24T20:03:01,104,0,19,104
2023-09-24T20:16:12,104,0,19,104
2023-09-24T20:29:12,104,0,19,104
2023-09-24T20:42:13,104,0,19,104
2023-09-24T20:55:13,104,0,19,104
2023-09-24T21:08:14,104,0,19,104
2023-09-24T21:21:15,104,0,19,104
2023-09-24T21:34:17,104,0,19,104
2023-09-24T21:47:29,104,0,19,104
2023-09-24T22:00:31,104,0,19,104
2023-09-24T22:13:33,104,0,19,104
2023-09-24T22:26:34,104,0,19,104
2023-09-24T22:39:35,104,0,19,104
2023-09-24T22:52:36,104,0,19,104
2023-09-24T23:05:47,104,0,19,104
2023-09-24T23:18:48,104,0,19,104
2023-09-24T23:31:51,104,0,19,104
2023-09-24T23:44:53,104,0,19,104
2023-09-24T23:57:55,104,0,19,104
2023-09-25T00:10:58,104,0,19,104
2023-09-25T00:24:17,104,0,19,104
2023-09-25T00:37:42,104,0,19,104
2023-09-25T00:50:49,104,0,19,104
2023-09-25T01:03:51,104,0,19,104
2023-09-25T01:17:01,104,0,19,104
2023-09-25T01:30:09,104,0,19,104
2023-09-25T01:43:16,104,0,19,104
2023-09-25T01:56:24,104,0,19,104
2023-09-25T02:09:42,104,0,19,104
2023-09-25T02:22:47,104,0,19,104
2023-09-25T02:35:52,104,0,19,104
2023-09-25T02:48:56,104,0,19,104
2023-09-25T03:01:59,104,0,19,104
2023-09-25T03:15:04,104,0,19,104
2023-09-25T03:28:19,104,0,19,104
2023-09-25T03:41:23,104,0,19,104
2023-09-25T03:54:29,104,0,19,104
2023-09-25T04:07:34,104,0,19,104
2023-09-25T04:21:34,104,0,19,104
2023-09-25T04:34:42,104,0,19,104
2023-09-25T04:49:14,104,0,19,104
2023-09-25T05:02:41,104,0,19,104
2023-09-25T05:15:58,104,0,19,104
2023-09-25T05:29:13,104,0,19,104
2023-09-25T05:42:19,104,0,19,104
2023-09-25T05:55:24,104,0,19,104
2023-09-25T06:08:29,104,0,19,104
2023-09-25T06:21:43,104,0,19,104
2023-09-25T06:34:48,104,0,19,104
2023-09-25T06:47:53,104,0,19,104
2023-09-25T07:00:58,104,0,19,104
2023-09-25T07:14:03,104,0,19,104
2023-09-25T07:27:06,104,0,19,104
2023-09-25T07:40:08,104,0,19,104
2023-09-25T07:53:08,104,0,19,104
2023-09-25T08:06:08,104,0,19,104
2023-09-25T08:19:19,104,0,19,104
2023-09-25T08:32:20,104,0,19,104
2023-09-25T08:45:21,104,0,19,104
2023-09-25T08:58:22,104,0,19,104
2023-09-25T09:11:36,104,0,19,104
2023-09-25T09:24:39,104,0,19,104
2023-09-25T09:37:44,104,0,19,104
2023-09-25T09:50:45,104,0,19,104
2023-09-25T10:03:46,104,0,19,104
2023-09-25T10:16:58,104,0,19,104
2023-09-25T10:29:59,104,0,19,104
2023-09-25T10:43:00,104,0,19,104
2023-09-25T10:56:12,104,0,19,104
2023-09-25T11:09:15,104,0,19,104
2023-09-25T11:22:16,104,0,19,104
2023-09-25T11:35:17,104,0,19,104
2023-09-25T11:48:28,104,0,19,104
2023-09-25T12:01:29,104,0,19,104
2023-09-25T12:14:30,104,0,19,104
2023-09-25T12:27:31,104,0,19,104
2023-09-25T12:40:43,104,0,19,104
2023-09-25T12:53:45,104,0,19,104
2023-09-25T13:06:46,104,0,19,104
2023-09-25T13:19:47,104,0,19,104
2023-09-25T13:32:59,104,0,19,104
2023-09-25T13:45:59,104,0,19,104
2023-09-25T13:59:01,104,0,19,104
2023-09-25T14:12:04,104,0,19,104
2023-09-25T14:25:17,104,0,19,104
2023-09-25T14:38:18,104,0,19,104
2023-09-25T14:51:20,104,0,19,104
2023-09-25T15:04:22,104,0,19,104
2023-09-25T15:17:24,104,0,19,104
2023-09-25T15:30:36,104,0,19,104
2023-09-25T15:43:38,104,0,19,104
2023-09-25T15:56:40,104,0,19,104
2023-09-25T16:09:42,104,0,19,104
2023-09-25T16:22:53,104,0,19,104
2023-09-25T16:35:55,104,0,19,104
2023-09-25T16:48:56,104,0,19,104
2023-09-25T17:02:10,104,0,19,104
2023-09-25T17:15:13,104,0,19,104
2023-09-25T17:28:14,104,0,19,104
2023-09-25T17:41:16,104,0,19,104
2023-09-25T17:54:18,104,0,19,104
2023-09-25T18:07:29,104,0,19,104
2023-09-25T18:20:30,104,0,19,104
2023-09-25T18:33:31,104,0,19,104
2023-09-25T18:46:33,104,0,19,104
2023-09-25T18:59:44,104,0,19,104
2023-09-25T19:12:46,104,0,19,104
2023-09-25T19:25:47,104,0,19,104
2023-09-25T19:38:49,104,0,19,104
2023-09-25T19:51:50,104,0,19,104
2023-09-25T20:04:51,104,0,19,104
2023-09-25T20:18:03,104,0,19,104
2023-09-25T20:31:04,104,0,19,104
2023-09-25T20:44:05,104,0,19,104
2023-09-25T20:57:06,104,0,19,104
2023-09-25T21:10:19,104,0,19,104
2023-09-25T21:23:20,104,0,19,104
2023-09-25T21:36:21,104,0,19,104
2023-09-25T21:49:22,104,0,19,104
2023-09-25T22:02:23,104,0,19,104
2023-09-25T22:15:35,104,0,19,104
2023-09-25T22:28:36,104,0,19,104
2023-09-25T22:41:38,104,0,19,104
2023-09-25T22:54:38,104,0,19,104
2023-09-25T23:07:40,104,0,19,104
2023-09-25T23:20:42,104,0,19,104
2023-09-25T23:33:55,104,0,19,104
2023-09-25T23:46:57,104,0,19,104
2023-09-25T23:59:59,104,0,19,104
2023-09-26T00:13:03,104,0,19,104
2023-09-26T00:26:11,104,0,19,104
2023-09-26T00:39:17,104,0,19,104
2023-09-26T00:52:37,104,0,19,104
2023-09-26T01:05:44,104,0,19,104
2023-09-26T01:18:50,104,0,19,104
2023-09-26T01:31:56,104,0,19,104
2023-09-26T01:45:01,104,0,19,104
2023-09-26T01:58:08,104,0,19,104
2023-09-26T02:11:13,104,0,19,104
2023-09-26T02:24:17,104,0,19,104
2023-09-26T02:37:20,104,0,19,104
2023-09-26T02:50:24,104,0,19,104
2023-09-26T03:03:26,104,0,19,104
2023-09-26T03:16:31,104,0,19,104
2023-09-26T03:29:36,104,0,19,104
2023-09-26T03:42:44,104,0,19,104
2023-09-26T03:56:02,104,0,19,104
2023-09-26T04:09:09,104,0,19,104
2023-09-26T04:22:25,104,0,19,104
2023-09-26T04:37:05,104,0,19,104
2023-09-26T04:50:13,104,0,19,104
2023-09-26T05:03:21,104,0,19,104
2023-09-26T05:16:29,104,0,19,104
2023-09-26T05:29:35,104,0,19,104
2023-09-26T05:42:46,104,0,19,104
2023-09-26T05:55:56,104,0,19,104
2023-09-26T06:09:01,104,0,19,104
2023-09-26T06:22:07,104,0,19,104
2023-09-26T06:35:13,104,0,19,104
2023-09-26T06:48:18,104,0,19,104
2023-09-26T07:01:22,104,0,19,104
2023-09-26T07:14:30,104,0,19,104
2023-09-26T07:27:34,104,0,19,104
2023-09-26T07:40:37,104,0,19,104
2023-09-26T07:53:40,104,0,19,104
2023-09-26T08:06:44,104,0,19,104
2023-09-26T08:19:48,104,0,19,104
2023-09-26T08:33:04,104,0,19,104
2023-09-26T08:46:08,104,0,19,104
2023-09-26T08:59:09,104,0,19,104
2023-09-26T09:12:10,104,0,19,104
2023-09-26T09:25:12,104,0,19,104
2023-09-26T09:38:14,104,0,19,104
2023-09-26T09:51:16,104,0,19,104
2023-09-26T10:04:28,104,0,19,104
2023-09-26T10:17:30,104,0,19,104
2023-09-26T10:30:32,104,0,19,104
2023-09-26T10:43:35,104,0,19,104
2023-09-26T10:56:37,104,0,19,104
2023-09-26T11:09:50,104,0,19,104
2023-09-26T11:22:52,104,0,19,104
2023-09-26T11:35:55,104,0,19,104
2023-09-26T11:49:10,104,0,19,104
2023-09-26T12:02:12,104,0,19,104
2023-09-26T12:15:14,104,0,19,104
2023-09-26T12:28:26,104,0,19,104
2023-09-26T12:41:28,104,0,19,104
2023-09-26T12:54:29,104,0,19,104
2023-09-26T13:07:31,104,0,19,104
2023-09-26T13:20:43,104,0,19,104
2023-09-26T13:33:45,104,0,19,104
2023-09-26T13:46:47,104,0,19,104
2023-09-26T13:59:51,104,0,19,104
2023-09-26T14:13:02,104,0,19,104
2023-09-26T14:26:04,104,0,19,104
2023-09-26T14:39:06,104,0,19,104
2023-09-26T14:52:08,104,0,19,104
2023-09-26T15:05:22,104,0,19,104
2023-09-26T15:18:24,104,0,19,104
2023-09-26T15:31:25,104,0,19,104
2023-09-26T15:44:28,104,0,19,104
2023-09-26T15:57:41,104,0,19,104
2023-09-26T16:10:43,104,0,19,104
2023-09-26T16:23:45,104,0,19,104
2023-09-26T16:36:48,104,0,19,104
2023-09-26T16:50:02,104,0,19,104
2023-09-26T17:03:04,104,0,19,104
2023-09-26T17:16:09,104,0,19,104
2023-09-26T17:29:11,104,0,19,104
2023-09-26T17:42:12,104,0,19,104
2023-09-26T17:55:26,104,0,19,104
2023-09-26T18:08:28,104,0,19,104
2023-09-26T18:21:30,104,0,19,104
2023-09-26T18:34:32,104,0,19,104
2023-09-26T18:47:45,104,0,19,104
2023-09-26T19:00:46,104,0,19,104
2023-09-26T19:13:50,104,0,19,104
2023-09-26T19:26:51,104,0,19,104
2023-09-26T19:39:53,104,0,19,104
2023-09-26T19:52:55,104,0,19,104
2023-09-26T20:06:08,104,0,19,104
2023-09-26T20:19:11,104,0,19,104
2023-09-26T20:32:13,104,0,19,104
2023-09-26T20:45:15,104,0,19,104
2023-09-26T20:58:17,104,0,19,104
2023-09-26T21:11:19,104,0,19,104
2023-09-26T21:24:32,104,0,19,104
2023-09-26T21:37:34,104,0,19,104
2023-09-26T21:50:36,104,0,19,104
2023-09-26T22:03:38,104,0,19,104
2023-09-26T22:16:40,104,0,19,104
2023-09-26T22:29:52,104,0,19,104
2023-09-26T22:42:55,104,0,19,104
2023-09-26T22:55:57,104,0,19,104
2023-09-26T23:09:01,104,0,19,104
2023-09-26T23:22:03,104,0,19,104
2023-09-26T23:35:05,104,0,19,104
2023-09-26T23:48:19,104,0,20,104
2023-09-27T00:01:30,104,0,20,104
2023-09-27T00:14:37,104,0,20,104
2023-09-27T00:27:46,104,0,20,104
2023-09-27T00:40:52,104,0,20,104
2023-09-27T00:54:00,104,0,20,104
2023-09-27T01:07:07,104,0,20,104
2023-09-27T01:20:25,104,0,20,104
2023-09-27T01:33:32,104,0,20,104
2023-09-27T01:46:39,104,0,20,104
2023-09-27T01:59:48,104,0,20,104
2023-09-27T02:12:58,104,0,20,104
2023-09-27T02:26:03,104,0,20,104
2023-09-27T02:39:07,104,0,20,104
2023-09-27T02:52:13,104,0,20,104
2023-09-27T03:05:20,104,0,20,104
2023-09-27T03:18:29,104,0,20,104
2023-09-27T03:31:36,104,0,20,104
2023-09-27T03:44:44,104,0,20,104
2023-09-27T03:57:52,104,0,20,104
2023-09-27T04:10:59,104,0,20,104
2023-09-27T04:25:09,104,0,20,104
2023-09-27T04:38:17,104,0,20,104
2023-09-27T04:52:43,104,0,20,104
2023-09-27T05:06:08,104,0,19,104
2023-09-27T05:19:15,104,0,19,104
2023-09-27T05:32:22,104,0,19,104
2023-09-27T05:45:28,104,0,19,104
2023-09-27T05:58:36,104,0,19,104
2023-09-27T06:11:41,104,0,19,104
2023-09-27T06:24:47,104,0,19,104
2023-09-27T06:37:53,104,0,19,104
2023-09-27T06:51:00,104,0,19,104
2023-09-27T07:04:09,104,0,19,104
2023-09-27T07:17:14,104,0,19,104
2023-09-27T07:30:19,104,0,19,104
2023-09-27T07:43:22,104,0,19,104
2023-09-27T07:56:26,104,0,19,104
2023-09-27T08:09:40,104,0,19,104
2023-09-27T08:22:42,104,0,19,104
2023-09-27T08:35:47,104,0,19,104
2023-09-27T08:48:49,104,0,19,104
2023-09-27T09:01:51,104,0,19,104
2023-09-27T09:14:57,104,0,19,104
2023-09-27T09:27:59,104,0,19,104
2023-09-27T09:41:02,104,0,19,104
2023-09-27T09:54:14,104,0,19,104
2023-09-27T10:07:16,104,0,19,104
2023-09-27T10:20:19,104,0,19,104
2023-09-27T10:33:23,104,0,19,104
2023-09-27T10:46:38,104,0,19,104
2023-09-27T10:59:40,104,0,19,104
2023-09-27T11:12:42,104,0,19,104
2023-09-27T11:25:57,104,0,19,104
2023-09-27T11:38:59,104,0,19,104
2023-09-27T11:52:02,104,0,19,104
2023-09-27T12:05:19,104,0,19,104
2023-09-27T12:18:21,104,0,19,104
2023-09-27T12:31:24,104,0,19,104
2023-09-27T12:44:27,104,0,19,104
2023-09-27T12:57:42,104,0,19,104
2023-09-27T13:10:45,104,0,19,104
2023-09-27T13:24:00,104,0,19,104
2023-09-27T13:37:03,104,0,19,104
2023-09-27T13:50:06,104,0,19,104
2023-09-27T14:03:20,104,0,19,104
2023-09-27T14:16:23,104,0,19,104
2023-09-27T14:29:25,104,0,19,104
2023-09-27T14:42:41,104,0,19,104
2023-09-27T14:55:44,104,0,19,104
2023-09-27T15:08:46,104,0,19,104
2023-09-27T15:22:00,104,0,19,104
2023-09-27T15:35:02,104,0,19,104
2023-09-27T15:48:06,104,0,19,104
2023-09-27T16:01:20,104,0,19,104
2023-09-27T16:14:22,104,0,19,104
2023-09-27T16:27:25,104,0,19,104
2023-09-27T16:40:40,104,0,19,104
2023-09-27T16:53:44,104,0,19,104
2023-09-27T17:06:49,104,0,19,104
2023-09-27T17:19:52,104,0,19,104
2023-09-27T17:33:08,104,0,19,104
2023-09-27T17:46:11,104,0,19,104
2023-09-27T17:59:13,104,0,19,104
2023-09-27T18:12:26,104,0,19,104
2023-09-27T18:25:29,104,0,19,104
2023-09-27T18:38:32,104,0,19,104
2023-09-27T18:51:45,104,0,18,104
2023-09-27T19:04:47,104,0,18,104
2023-09-27T19:17:51,104,0,18,104
2023-09-27T19:31:08,104,0,18,104
2023-09-27T19:44:11,104,0,18,104
2023-09-27T19:57:13,104,0,18,104
2023-09-27T20:10:16,104,0,18,104
2023-09-27T20:23:30,104,0,18,104
2023-09-27T20:36:31,104,0,18,104
2023-09-27T20:49:34,104,0,18,104
2023-09-27T21:02:48,104,0,18,104
2023-09-27T21:15:51,104,0,18,104
2023-09-27T21:29:06,104,0,18,104
2023-09-27T21:42:08,104,0,18,104
2023-09-27T21:55:11,104,0,18,104
2023-09-27T22:08:25,104,0,18,104
2023-09-27T22:21:28,104,0,18,104
2023-09-27T22:34:32,104,0,18,104
2023-09-27T22:47:47,104,0,18,104
2023-09-27T23:00:48,104,0,18,104
2023-09-27T23:13:53,104,0,18,104
2023-09-27T23:27:08,104,0,19,104
2023-09-27T23:40:15,104,0,19,104
2023-09-27T23:53:19,104,0,19,104
2023-09-28T00:07:51,104,0,19,104
2023-09-28T00:21:02,104,0,19,104
2023-09-28T00:34:10,104,0,19,104
2023-09-28T00:47:29,104,0,19,104
2023-09-28T01:00:35,104,0,19,104
2023-09-28T01:13:41,104,0,19,104
2023-09-28T01:26:47,104,0,19,104
2023-09-28T01:39:52,104,0,19,104
2023-09-28T01:53:01,104,0,19,104
2023-09-28T02:06:08,104,0,19,104
2023-09-28T02:19:24,104,0,19,104
2023-09-28T02:32:32,104,0,19,104
2023-09-28T02:45:36,104,0,19,104
2023-09-28T02:58:40,104,0,19,104
2023-09-28T03:11:44,104,0,19,104
2023-09-28T03:24:53,104,0,19,104
2023-09-28T03:37:59,104,0,19,104
2023-09-28T03:51:04,104,0,19,104
2023-09-28T04:04:12,104,0,19,104
2023-09-28T04:16:48,104,0,19,104
2023-09-28T04:31:32,104,0,19,104
2023-09-28T04:44:41,104,0,19,104
2023-09-28T04:57:49,104,0,19,104
2023-09-28T05:10:57,104,0,19,104
2023-09-28T05:24:03,104,0,19,104
2023-09-28T05:37:09,104,0,19,104
2023-09-28T05:50:16,104,0,19,104
2023-09-28T06:03:21,104,0,19,104
2023-09-28T06:16:27,104,0,19,104
2023-09-28T06:29:33,104,0,19,104
2023-09-28T06:42:38,104,0,19,104
2023-09-28T06:55:45,104,0,19,104
2023-09-28T07:08:51,104,0,19,104
2023-09-28T07:22:03,104,0,19,104
2023-09-28T07:35:08,104,0,19,104
2023-09-28T07:48:12,104,0,19,104
2023-09-28T08:01:19,104,0,19,104
2023-09-28T08:14:41,104,0,19,104
2023-09-28T08:27:45,104,0,19,104
2023-09-28T08:40:59,104,0,19,104
2023-09-28T08:54:03,104,0,19,104
2023-09-28T09:07:09,104,0,19,104
2023-09-28T09:20:23,104,0,19,104
2023-09-28T09:33:44,104,0,19,104
2023-09-28T09:46:51,104,0,19,104
2023-09-28T10:00:05,104,0,20,104
2023-09-28T10:13:25,104,0,20,104
2023-09-28T10:26:27,104,0,21,104
2023-09-28T10:39:42,104,0,21,104
2023-09-28T10:52:54,104,0,21,104
2023-09-28T11:05:57,104,0,21,104
2023-09-28T11:19:10,104,0,21,104
2023-09-28T11:32:24,104,0,21,104
2023-09-28T11:45:27,104,0,21,104
2023-09-28T11:58:39,104,0,22,104
2023-09-28T12:11:59,104,0,21,104
2023-09-28T12:25:01,104,0,22,104
2023-09-28T12:38:14,104,0,22,104
2023-09-28T12:51:37,104,0,22,104
2023-09-28T13:04:40,104,0,22,104
2023-09-28T13:17:54,104,0,22,104
2023-09-28T13:30:56,104,0,22,104
2023-09-28T13:44:17,104,0,22,104
2023-09-28T13:57:19,104,0,23,104
2023-09-28T14:10:34,104,0,23,104
2023-09-28T14:23:54,104,0,23,104
2023-09-28T14:36:56,104,0,23,104
2023-09-28T14:50:10,104,0,24,104
2023-09-28T15:03:13,104,0,24,104
2023-09-28T15:16:26,104,0,24,104
2023-09-28T15:29:30,104,0,24,104
2023-09-28T15:42:52,104,0,24,104
2023-09-28T15:55:54,104,0,23,104
2023-09-28T16:09:08,104,0,23,104
2023-09-28T16:22:10,104,0,23,104
2023-09-28T16:35:33,104,0,23,104
2023-09-28T16:48:36,104,0,23,104
2023-09-28T17:01:53,104,0,23,104
2023-09-28T17:14:57,104,0,24,104
2023-09-28T17:28:19,104,0,24,104
2023-09-28T17:41:21,104,0,24,104
2023-09-28T17:54:23,104,0,24,104
2023-09-28T18:07:49,104,0,24,104
2023-09-28T18:20:50,104,0,24,104
2023-09-28T18:33:53,104,0,24,104
2023-09-28T18:46:54,104,0,24,104
2023-09-28T19:00:08,104,0,24,104
2023-09-28T19:13:10,104,0,24,104
2023-09-28T19:26:12,104,0,24,104
2023-09-28T19:39:13,104,0,24,104
2023-09-28T19:52:25,104,0,24,104
2023-09-28T20:05:27,104,0,24,104
2023-09-28T20:18:29,104,0,24,104
2023-09-28T20:31:31,104,0,24,104
2023-09-28T20:44:42,104,0,24,104
2023-09-28T20:57:44,104,0,24,104
2023-09-28T21:10:46,104,0,24,104
2023-09-28T21:23:48,104,0,25,104
2023-09-28T21:37:00,104,0,25,104
2023-09-28T21:50:02,104,0,25,104
2023-09-28T22:03:05,104,0,25,104
2023-09-28T22:16:06,104,0,25,104
2023-09-28T22:29:19,104,0,25,104
2023-09-28T22:42:21,104,0,25,104
2023-09-28T22:55:23,104,0,25,104
2023-09-28T23:08:26,104,0,25,104
2023-09-28T23:21:38,104,0,24,104
2023-09-28T23:34:41,104,0,24,104
2023-09-28T23:47:44,104,0,24,104
2023-09-29T00:00:46,104,0,24,104
2023-09-29T00:13:56,104,0,24,104
2023-09-29T00:27:02,104,0,24,104
2023-09-29T00:40:17,104,0,24,104
2023-09-29T00:53:25,104,0,24,104
2023-09-29T01:06:31,104,0,24,104
2023-09-29T01:19:38,104,0,24,104
2023-09-29T01:33:24,104,0,24,104
2023-09-29T01:46:42,104,0,24,104
2023-09-29T01:59:50,104,0,24,104
2023-09-29T02:12:56,104,0,24,104
2023-09-29T02:26:01,104,0,24,104
2023-09-29T02:39:05,104,0,24,104
2023-09-29T02:52:09,104,0,24,104
2023-09-29T03:05:38,104,0,24,104
2023-09-29T03:18:45,104,0,24,104
2023-09-29T03:31:53,104,0,24,104
2023-09-29T03:45:01,104,0,24,104
2023-09-29T03:58:07,104,0,24,104
2023-09-29T04:11:15,104,0,24,104
2023-09-29T04:30:53,104,0,24,104
2023-09-29T04:44:24,104,0,24,104
2023-09-29T04:57:31,104,0,24,104
2023-09-29T05:10:41,104,0,24,104
2023-09-29T05:23:47,104,0,24,104
2023-09-29T05:36:53,104,0,24,104
2023-09-29T05:50:02,104,0,24,104
2023-09-29T06:03:08,104,0,24,104
2023-09-29T06:16:13,104,0,24,104
2023-09-29T06:29:17,104,0,24,104
2023-09-29T06:42:22,104,0,24,104
2023-09-29T06:55:28,104,0,24,104
2023-09-29T07:08:33,104,0,24,104
2023-09-29T07:21:38,104,0,24,104
2023-09-29T07:34:41,104,0,24,104
2023-09-29T07:48:00,104,0,24,104
2023-09-29T08:01:04,104,0,24,104
2023-09-29T08:14:07,104,0,24,104
2023-09-29T08:27:09,104,0,24,104
2023-09-29T08:40:11,104,0,24,104
2023-09-29T08:53:22,104,0,24,104
2023-09-29T09:06:25,104,0,24,104
2023-09-29T09:19:27,104,0,24,104
2023-09-29T09:32:38,104,0,24,104
2023-09-29T09:45:40,104,0,24,104
2023-09-29T09:58:51,104,0,24,104
2023-09-29T10:11:53,104,0,24,104
2023-09-29T10:24:56,104,0,24,104
2023-09-29T10:38:07,104,0,24,104
2023-09-29T10:51:09,104,0,24,104
2023-09-29T11:04:21,104,0,24,104
2023-09-29T11:17:23,104,0,24,104
2023-09-29T11:30:44,104,0,24,104
2023-09-29T11:43:46,104,0,24,104
2023-09-29T11:56:57,104,0,24,104
2023-09-29T12:09:59,104,0,24,104
2023-09-29T12:23:19,104,0,24,104
2023-09-29T12:36:21,104,0,24,104
2023-09-29T12:49:35,104,0,24,104
2023-09-29T13:02:37,104,0,24,104
2023-09-29T13:15:57,104,0,24,104
2023-09-29T13:28:59,104,0,24,104
2023-09-29T13:42:01,104,0,24,104
2023-09-29T13:55:14,104,0,24,104
2023-09-29T14:08:15,104,0,24,104
2023-09-29T14:21:34,104,0,24,104
2023-09-29T14:34:37,104,0,24,104
2023-09-29T14:47:39,104,0,24,104
2023-09-29T15:00:51,104,0,24,104
2023-09-29T15:13:54,104,0,24,104
2023-09-29T15:27:14,104,0,24,104
2023-09-29T15:40:16,104,0,25,104
2023-09-29T15:53:18,104,0,25,104
2023-09-29T16:06:30,104,0,25,104
2023-09-29T16:19:33,104,0,25,104
2023-09-29T16:32:36,104,0,25,104
2023-09-29T16:45:57,104,0,25,104
2023-09-29T16:58:59,104,0,25,104
2023-09-29T17:12:03,104,0,25,104
2023-09-29T17:25:06,104,0,25,104
2023-09-29T17:38:18,103,1,25,104
2023-09-29T17:51:21,103,1,25,104
2023-09-29T18:04:23,103,1,25,104
2023-09-29T18:17:45,103,1,25,104
2023-09-29T18:30:47,103,1,25,104
2023-09-29T18:43:57,103,1,25,104
2023-09-29T18:58:02,103,1,25,104
2023-09-29T19:11:05,103,1,25,104
2023-09-29T19:24:07,103,1,25,104
2023-09-29T19:37:10,103,1,25,104
2023-09-29T19:50:22,103,1,25,104
2023-09-29T20:03:25,103,1,25,104
2023-09-29T20:16:28,103,1,25,104
2023-09-29T20:29:30,103,1,25,104
2023-09-29T20:42:51,103,1,25,104
2023-09-29T20:55:54,103,1,25,104
2023-09-29T21:08:56,103,1,25,104
2023-09-29T21:21:59,103,1,25,104
2023-09-29T21:35:01,103,1,25,104
2023-09-29T21:48:14,103,1,25,104
2023-09-29T22:01:17,103,1,25,104
2023-09-29T22:14:21,103,1,25,104
2023-09-29T22:27:23,103,1,25,104
2023-09-29T22:40:43,104,0,24,104
2023-09-29T22:53:45,104,0,24,104
2023-09-29T23:06:49,104,0,24,104
2023-09-29T23:19:52,104,0,24,104
2023-09-29T23:32:55,104,0,24,104
2023-09-29T23:46:08,104,0,24,104
2023-09-29T23:59:12,104,0,24,104
2023-09-30T00:12:18,104,0,24,104
2023-09-30T00:25:27,106,0,22,104
2023-09-30T00:38:35,106,0,22,104
2023-09-30T00:51:44,106,0,22,104
2023-09-30T01:04:52,106,0,22,104
2023-09-30T01:18:00,106,0,22,104
2023-09-30T01:31:28,106,0,22,104
2023-09-30T01:44:36,106,0,22,104
2023-09-30T01:57:47,106,0,22,104
2023-09-30T02:10:54,106,0,22,104
2023-09-30T02:23:58,106,0,22,104
2023-09-30T02:37:03,106,0,22,104
2023-09-30T02:50:06,106,0,22,104
2023-09-30T03:03:10,106,0,22,104
2023-09-30T03:16:19,106,0,22,104
2023-09-30T03:30:30,106,0,22,104
2023-09-30T03:43:39,106,0,22,104
2023-09-30T03:56:48,106,0,22,104
2023-09-30T04:09:58,106,0,22,104
2023-09-30T04:21:09,106,0,22,104
2023-09-30T04:36:03,106,0,22,104
2023-09-30T04:49:14,106,0,22,104
2023-09-30T05:02:22,106,0,22,104
2023-09-30T05:15:30,106,0,22,104
2023-09-30T05:28:37,106,0,21,104
2023-09-30T05:41:45,106,0,21,104
2023-09-30T05:54:53,106,0,21,104
2023-09-30T06:08:00,106,0,21,104
2023-09-30T06:21:08,106,0,21,104
2023-09-30T06:34:14,106,0,21,104
2023-09-30T06:47:21,106,0,21,104
2023-09-30T07:00:28,106,0,21,104
2023-09-30T07:13:35,106,0,21,104
2023-09-30T07:26:42,106,0,21,104
2023-09-30T07:39:48,106,0,21,104
2023-09-30T07:52:54,106,0,21,104
2023-09-30T08:06:01,106,0,21,104
2023-09-30T08:19:10,106,0,21,104
2023-09-30T08:32:24,106,0,21,104
2023-09-30T08:45:30,106,0,21,104
2023-09-30T08:58:35,106,0,21,104
2023-09-30T09:11:39,106,0,21,104
2023-09-30T09:24:43,106,0,21,104
2023-09-30T09:37:48,106,0,21,104
2023-09-30T09:50:51,106,0,21,104
2023-09-30T10:03:55,107,0,20,104
2023-09-30T10:16:59,107,0,20,104
2023-09-30T10:30:03,107,0,20,104
2023-09-30T10:43:18,108,0,19,104
2023-09-30T10:56:20,108,0,19,104
2023-09-30T11:09:22,109,0,18,104
2023-09-30T11:22:24,109,0,18,104
2023-09-30T11:35:26,109,0,18,104
2023-09-30T11:48:28,109,0,18,104
2023-09-30T12:01:31,109,0,18,104
2023-09-30T12:14:34,109,0,18,104
2023-09-30T12:27:47,109,0,18,104
2023-09-30T12:40:49,109,0,18,104
2023-09-30T12:53:51,109,0,18,104
2023-09-30T13:06:53,109,0,18,104
2023-09-30T13:19:57,109,0,18,104
2023-09-30T13:33:01,109,0,18,104
2023-09-30T13:46:13,109,0,18,104
2023-09-30T13:59:15,109,0,18,104
2023-09-30T14:12:17,109,0,18,104
2023-09-30T14:25:19,109,0,18,104
2023-09-30T14:38:22,109,0,18,104
2023-09-30T14:51:25,109,0,18,104
2023-09-30T15:04:27,109,0,18,104
2023-09-30T15:17:30,109,0,18,104
2023-09-30T15:30:32,109,0,18,104
2023-09-30T15:43:46,109,0,18,104
2023-09-30T15:56:48,109,0,18,104
2023-09-30T16:09:51,109,0,18,104
2023-09-30T16:22:53,109,0,18,104
2023-09-30T16:35:56,109,0,18,104
2023-09-30T16:48:58,109,0,18,104
2023-09-30T17:02:00,109,0,18,104
2023-09-30T17:15:13,109,0,18,104
2023-09-30T17:28:16,109,0,18,104
2023-09-30T17:41:18,109,0,18,104
2023-09-30T17:54:21,109,0,18,104
2023-09-30T18:07:23,109,0,18,104
2023-09-30T18:20:26,109,0,18,104
2023-09-30T18:33:28,109,0,18,104
2023-09-30T18:46:40,109,0,18,104
2023-09-30T18:59:42,110,0,17,104
2023-09-30T19:12:45,110,0,17,104
2023-09-30T19:25:47,110,0,17,104
2023-09-30T19:38:50,110,0,17,104
2023-09-30T19:51:53,110,0,17,104
2023-09-30T20:04:55,110,0,17,104
2023-09-30T20:17:58,110,0,17,104
2023-09-30T20:31:00,110,0,17,104
2023-09-30T20:44:04,110,0,17,104
2023-09-30T20:57:16,110,0,17,104
2023-09-30T21:10:18,110,0,17,104
2023-09-30T21:23:21,110,0,17,104
2023-09-30T21:36:24,110,0,17,104
2023-09-30T21:49:27,110,0,17,104
2023-09-30T22:02:29,110,0,17,104
2023-09-30T22:15:32,110,0,17,104
2023-09-30T22:28:35,110,0,17,104
2023-09-30T22:41:37,110,0,17,104
2023-09-30T22:54:50,110,0,17,104
2023-09-30T23:07:54,110,0,17,104
2023-09-30T23:20:58,110,0,17,104
2023-09-30T23:34:02,110,0,17,104
2023-09-30T23:47:05,110,0,18,104
2023-10-01T00:00:08,110,0,18,104
2023-10-01T00:13:16,110,0,18,104
2023-10-01T00:26:26,110,0,18,104
2023-10-01T00:39:33,110,0,18,104
2023-10-01T00:52:41,110,0,18,104
2023-10-01T01:05:48,110,0,18,104
2023-10-01T01:18:53,110,0,18,104
2023-10-01T01:32:01,110,0,18,104
2023-10-01T01:45:17,110,0,18,104
2023-10-01T01:58:27,110,0,18,104
2023-10-01T02:11:35,110,0,18,104
2023-10-01T02:24:42,110,0,18,104
2023-10-01T02:37:49,110,0,18,104
2023-10-01T02:50:55,110,0,18,104
2023-10-01T03:04:01,110,0,18,104
2023-10-01T03:17:07,110,0,18,104
2023-10-01T03:30:14,110,0,18,104
2023-10-01T03:43:20,110,0,18,104
2023-10-01T03:56:27,110,0,18,104
2023-10-01T04:11:28,110,0,18,104
2023-10-01T04:29:11,110,0,18,104
2023-10-01T04:42:44,110,0,18,104
2023-10-01T04:55:54,110,0,18,104
2023-10-01T05:09:02,110,0,18,104
2023-10-01T05:22:08,110,0,18,104
2023-10-01T05:35:15,110,0,18,104
2023-10-01T05:48:24,110,0,18,104
2023-10-01T06:01:31,110,0,18,104
2023-10-01T06:14:38,110,0,18,104
2023-10-01T06:27:46,110,0,18,104
2023-10-01T06:40:51,110,0,18,104
2023-10-01T06:53:56,110,0,18,104
2023-10-01T07:07:00,110,0,18,104
2023-10-01T07:20:03,110,0,18,104
2023-10-01T07:33:06,110,0,18,104
2023-10-01T07:46:09,110,0,18,104
2023-10-01T07:59:12,110,0,18,104
2023-10-01T08:12:14,110,0,18,104
2023-10-01T08:25:18,110,0,18,104
2023-10-01T08:38:21,110,0,18,104
2023-10-01T08:51:24,110,0,18,104
2023-10-01T09:04:26,110,0,18,104
2023-10-01T09:17:29,110,0,18,104
2023-10-01T09:30:31,110,0,18,104
2023-10-01T09:43:45,110,0,18,104
2023-10-01T09:56:48,110,0,18,104
2023-10-01T10:09:50,110,0,18,104
2023-10-01T10:22:53,110,0,18,104
2023-10-01T10:35:55,110,0,18,104
2023-10-01T10:49:01,110,0,18,104
2023-10-01T11:02:06,110,0,18,104
2023-10-01T11:15:12,110,0,18,104
2023-10-01T11:28:14,110,0,18,104
2023-10-01T11:41:16,110,0,18,104
2023-10-01T11:54:30,110,0,18,104
2023-10-01T12:07:33,110,0,18,104
2023-10-01T12:20:35,110,0,18,104
2023-10-01T12:33:37,110,0,18,104
2023-10-01T12:46:39,110,0,18,104
2023-10-01T12:59:42,110,0,18,104
2023-10-01T13:12:44,110,0,18,104
2023-10-01T13:25:57,110,0,18,104
2023-10-01T13:38:59,110,0,18,104
2023-10-01T13:52:01,110,0,18,104
2023-10-01T14:05:03,110,0,18,104
2023-10-01T14:18:06,110,0,18,104
2023-10-01T14:31:08,110,0,18,104
2023-10-01T14:44:10,110,0,18,104
2023-10-01T14:57:24,110,0,18,104
2023-10-01T15:10:27,110,0,18,104
2023-10-01T15:23:29,110,0,18,104
2023-10-01T15:36:32,110,0,18,104
2023-10-01T15:49:34,110,0,18,104
2023-10-01T16:02:36,110,0,18,104
2023-10-01T16:15:49,110,0,18,104
2023-10-01T16:28:52,110,0,18,104
2023-10-01T16:41:55,110,0,18,104
2023-10-01T16:54:58,110,0,18,104
2023-10-01T17:08:00,110,0,18,104
2023-10-01T17:21:03,110,0,18,104
2023-10-01T17:34:06,110,0,18,104
2023-10-01T17:47:19,110,0,18,104
2023-10-01T18:00:21,110,0,18,104
2023-10-01T18:13:24,110,0,18,104
2023-10-01T18:26:26,111,0,17,104
2023-10-01T18:39:39,111,0,17,104
2023-10-01T18:48:20,111,0,17,104
2023-10-01T19:01:22,111,0,17,104
2023-10-01T19:14:26,111,0,17,104
2023-10-01T19:27:28,111,0,18,104
2023-10-01T19:40:31,111,0,18,104
2023-10-01T19:53:46,111,0,18,104
2023-10-01T20:06:49,111,0,18,104
2023-10-01T20:19:52,111,0,18,104
2023-10-01T20:32:55,111,0,18,104
2023-10-01T20:45:58,111,0,18,104
2023-10-01T20:59:00,111,0,18,104
2023-10-01T21:12:14,111,0,18,104
2023-10-01T21:25:16,111,0,18,104
2023-10-01T21:38:19,110,0,18,104
2023-10-01T21:51:23,110,0,18,104
2023-10-01T22:04:26,110,0,18,104
2023-10-01T22:17:38,110,0,18,104
2023-10-01T22:30:41,110,0,18,104
2023-10-01T22:43:44,110,0,18,104
2023-10-01T22:56:49,110,0,18,104
2023-10-01T23:09:53,110,0,18,104
2023-10-01T23:23:06,110,0,18,104
2023-10-01T23:36:10,110,0,18,104
2023-10-01T23:49:13,110,0,18,104
2023-10-02T00:02:16,110,0,19,104
2023-10-02T00:15:28,110,0,19,104
2023-10-02T00:28:54,110,0,19,104
2023-10-02T00:42:05,110,0,19,104
2023-10-02T00:55:42,110,0,19,104
2023-10-02T01:08:49,110,0,19,104
2023-10-02T01:22:02,110,0,19,104
2023-10-02T01:35:10,110,0,19,104
2023-10-02T01:48:18,110,0,19,104
2023-10-02T02:01:27,110,0,19,104
2023-10-02T02:14:35,110,0,19,104
2023-10-02T02:27:41,110,0,19,104
2023-10-02T02:40:56,110,0,19,104
2023-10-02T02:54:01,110,0,19,104
2023-10-02T03:07:06,110,0,19,104
2023-10-02T03:20:15,110,0,19,104
2023-10-02T03:33:21,110,0,19,104
2023-10-02T03:46:27,110,0,19,104
2023-10-02T03:59:34,110,0,19,104
2023-10-02T04:19:31,110,0,19,104
2023-10-02T04:34:00,110,0,19,104
2023-10-02T04:47:29,110,0,19,104
2023-10-02T05:00:37,110,0,19,104
2023-10-02T05:13:51,110,0,19,104
2023-10-02T05:26:57,110,0,19,104
2023-10-02T05:40:06,110,0,19,104
2023-10-02T05:53:15,110,0,19,104
2023-10-02T06:06:22,110,0,19,104
2023-10-02T06:19:29,110,0,19,104
2023-10-02T06:32:35,110,0,19,104
2023-10-02T06:45:41,110,0,19,104
2023-10-02T06:58:47,110,0,19,104
2023-10-02T07:11:52,110,0,19,104
2023-10-02T07:24:55,110,0,19,104
2023-10-02T07:37:57,110,0,19,104
2023-10-02T07:51:11,110,0,19,104
2023-10-02T08:04:15,110,0,19,104
2023-10-02T08:17:18,110,0,19,104
2023-10-02T08:30:22,110,0,19,104
2023-10-02T08:43:26,110,0,19,104
2023-10-02T08:56:29,110,0,19,104
2023-10-02T09:09:42,110,0,19,104
2023-10-02T09:22:45,111,0,18,104
2023-10-02T09:35:48,111,0,18,104
2023-10-02T09:49:02,112,0,17,104
2023-10-02T10:02:06,112,0,17,104
2023-10-02T10:15:09,112,0,17,104
2023-10-02T10:28:23,112,0,17,104
2023-10-02T10:41:27,112,0,17,104
2023-10-02T10:54:40,112,0,17,104
2023-10-02T11:07:44,112,0,17,104
2023-10-02T11:20:56,113,0,16,104
2023-10-02T11:34:11,113,0,16,104
2023-10-02T11:47:15,113,0,16,104
2023-10-02T12:00:28,113,0,16,104
2023-10-02T12:13:32,113,0,16,104
2023-10-02T12:26:36,113,0,16,104
2023-10-02T12:39:50,113,0,16,104
2023-10-02T12:52:53,113,0,16,104
2023-10-02T13:06:10,113,0,16,104
2023-10-02T13:19:13,113,0,16,104
2023-10-02T13:32:16,113,0,16,104
2023-10-02T13:45:31,113,0,16,104
2023-10-02T13:58:33,113,0,16,104
2023-10-02T14:11:37,113,0,16,104
2023-10-02T14:24:59,113,0,16,104
2023-10-02T14:38:02,113,0,16,104
2023-10-02T14:51:18,113,0,16,104
2023-10-02T15:04:20,113,0,16,104
2023-10-02T15:17:24,113,0,16,104
2023-10-02T15:30:38,113,0,16,104
2023-10-02T15:43:42,113,0,17,104
2023-10-02T15:56:57,113,0,17,104
2023-10-02T16:10:01,113,0,17,104
2023-10-02T16:23:04,113,0,17,104
2023-10-02T16:36:19,113,0,17,104
2023-10-02T16:49:22,113,0,18,104
2023-10-02T17:02:37,113,0,17,104
2023-10-02T17:15:53,112,0,17,104
2023-10-02T17:28:56,112,0,17,104
2023-10-02T17:41:59,112,0,17,104
2023-10-02T17:55:02,112,0,17,104
2023-10-02T18:08:16,112,0,17,104
2023-10-02T18:21:18,111,0,17,104
2023-10-02T18:34:22,111,0,17,104
2023-10-02T18:47:36,111,0,17,104
2023-10-02T19:00:38,111,0,17,104
2023-10-02T19:13:41,111,0,17,104
2023-10-02T19:26:44,111,0,17,104
2023-10-02T19:39:58,111,0,17,104
2023-10-02T19:53:00,111,0,17,104
2023-10-02T20:06:04,111,0,17,104
2023-10-02T20:19:07,111,0,17,104
2023-10-02T20:32:20,111,0,17,104
2023-10-02T20:45:23,111,0,17,104
2023-10-02T20:58:26,111,0,17,104
2023-10-02T21:11:29,111,0,17,104
2023-10-02T21:24:32,111,0,17,104
2023-10-02T21:37:45,111,0,17,104
2023-10-02T21:50:48,111,0,17,104
2023-10-02T22:03:51,111,0,17,104
2023-10-02T22:16:53,111,0,17,104
2023-10-02T22:30:07,111,0,17,104
2023-10-02T22:43:10,111,0,17,104
2023-10-02T22:56:13,111,0,17,104
2023-10-02T23:09:17,111,0,17,104
2023-10-02T23:22:20,111,0,17,104
2023-10-02T23:35:35,111,0,17,104
2023-10-02T23:48:38,111,0,17,104
2023-10-03T00:01:41,111,0,17,104
2023-10-03T00:14:48,111,0,17,104
2023-10-03T00:27:56,111,0,17,104
2023-10-03T00:41:04,111,0,17,104
2023-10-03T00:54:12,111,0,17,104
2023-10-03T01:07:33,111,0,17,104
2023-10-03T01:20:40,111,0,17,104
2023-10-03T01:33:56,111,0,17,104
2023-10-03T01:47:10,111,0,17,104
2023-10-03T02:00:20,111,0,17,104
2023-10-03T02:13:27,111,0,17,104
2023-10-03T02:26:32,111,0,17,104
2023-10-03T02:39:36,111,0,17,104
2023-10-03T02:52:40,111,0,17,104
2023-10-03T03:05:44,111,0,17,104
2023-10-03T03:18:50,111,0,17,104
2023-10-03T03:31:56,111,0,17,104
2023-10-03T03:45:02,111,0,17,104
2023-10-03T03:58:08,111,0,17,104
2023-10-03T04:19:43,111,0,17,104
2023-10-03T04:32:54,111,0,17,104
2023-10-03T04:47:37,111,0,17,104
2023-10-03T05:00:46,111,0,17,104
2023-10-03T05:13:54,111,0,17,104
2023-10-03T05:27:02,111,0,17,104
2023-10-03T05:40:10,111,0,17,104
2023-10-03T05:53:17,111,0,17,104
2023-10-03T06:06:26,111,0,17,104
2023-10-03T06:19:32,111,0,17,104
2023-10-03T06:32:38,111,0,17,104
2023-10-03T06:45:44,111,0,17,104
2023-10-03T06:58:50,111,0,17,104
2023-10-03T07:11:59,111,0,17,104
2023-10-03T07:25:04,111,0,17,104
2023-10-03T07:38:07,111,0,17,104
2023-10-03T07:51:12,111,0,17,104
2023-10-03T08:04:19,111,0,17,104
2023-10-03T08:17:48,111,0,17,104
2023-10-03T08:31:00,111,0,17,104
2023-10-03T08:44:08,111,0,17,104
2023-10-03T08:57:16,111,0,17,104
2023-10-03T09:10:23,111,0,17,104
2023-10-03T09:23:40,111,0,17,104
2023-10-03T09:36:45,111,0,17,104
2023-10-03T09:49:50,111,0,17,104
2023-10-03T10:03:05,111,0,17,104
2023-10-03T10:16:12,111,0,17,104
2023-10-03T10:29:22,111,0,17,104
2023-10-03T10:42:32,111,0,17,104
2023-10-03T10:55:51,111,0,17,104
2023-10-03T11:09:01,111,0,17,104
2023-10-03T11:22:06,111,0,17,104
2023-10-03T11:35:21,111,0,18,104
2023-10-03T11:48:25,111,0,18,104
2023-10-03T12:01:28,111,0,17,104
2023-10-03T12:14:43,111,0,17,104
2023-10-03T12:27:45,111,0,17,104
2023-10-03T12:40:49,111,0,18,104
2023-10-03T12:54:01,111,0,18,104
2023-10-03T13:07:04,111,0,18,104
2023-10-03T13:20:08,111,0,18,104
2023-10-03T13:33:22,111,0,18,104
2023-10-03T13:46:26,111,0,18,104
2023-10-03T13:59:29,111,0,18,104
2023-10-03T14:12:46,111,0,18,104
2023-10-03T14:25:51,111,0,18,104
2023-10-03T14:39:16,111,0,18,104
2023-10-03T14:52:32,111,0,18,104
2023-10-03T15:05:37,111,0,18,104
2023-10-03T15:19:13,111,0,18,104
2023-10-03T15:32:17,110,0,18,104
2023-10-03T15:45:20,110,0,18,104
2023-10-03T15:58:34,110,0,18,104
2023-10-03T16:11:38,110,0,18,104
2023-10-03T16:24:41,110,0,18,104
2023-10-03T16:38:04,110,0,18,104
2023-10-03T16:51:06,110,0,18,104
2023-10-03T17:04:09,110,0,18,104
2023-10-03T17:17:25,110,0,18,104
2023-10-03T17:30:27,110,0,18,104
2023-10-03T17:43:31,110,0,18,104
2023-10-03T17:56:34,110,0,18,104
2023-10-03T18:09:49,110,0,18,104
2023-10-03T18:22:52,110,0,18,104
2023-10-03T18:35:56,110,0,18,104
2023-10-03T18:49:22,110,0,18,104
2023-10-03T19:02:26,110,0,18,104
2023-10-03T19:15:31,110,0,18,104
2023-10-03T19:28:34,110,0,18,104
2023-10-03T19:41:49,110,0,18,104
2023-10-03T19:54:51,110,0,18,104
2023-10-03T20:07:54,109,0,18,104
2023-10-03T20:20:57,109,0,18,104
2023-10-03T20:34:10,109,0,18,104
2023-10-03T20:47:14,109,0,18,104
2023-10-03T21:00:17,109,0,18,104
2023-10-03T21:13:20,109,0,18,104
2023-10-03T21:26:34,109,0,18,104
2023-10-03T21:39:36,109,0,18,104
2023-10-03T21:52:39,109,0,18,104
2023-10-03T22:05:42,109,0,18,104
2023-10-03T22:18:46,109,0,18,104
2023-10-03T22:31:52,109,0,18,104
2023-10-03T22:45:07,109,0,18,104
2023-10-03T22:58:09,109,0,18,104
2023-10-03T23:11:13,109,0,18,104
2023-10-03T23:24:17,109,0,18,104
2023-10-03T23:37:21,109,0,18,104
2023-10-03T23:50:36,109,0,18,104
2023-10-04T00:03:39,109,0,18,104
2023-10-04T00:16:46,109,0,18,104
2023-10-04T00:29:52,109,0,18,104
2023-10-04T00:43:00,109,0,18,104
2023-10-04T00:56:08,109,0,18,104
2023-10-04T01:09:16,109,0,18,104
2023-10-04T01:22:24,109,0,18,104
2023-10-04T01:35:41,109,0,18,104
2023-10-04T01:48:47,109,0,18,104
2023-10-04T02:01:54,109,0,18,104
2023-10-04T02:15:00,109,0,18,104
2023-10-04T02:28:05,109,0,18,104
2023-10-04T02:41:10,107,0,17,104
2023-10-04T02:54:18,107,0,17,104
2023-10-04T03:07:26,107,0,17,104
2023-10-04T03:20:34,107,0,17,104
2023-10-04T03:33:40,107,0,17,104
2023-10-04T03:46:46,107,0,17,104
2023-10-04T03:59:54,107,0,17,104
2023-10-04T04:24:48,107,0,17,104
2023-10-04T04:38:22,107,0,17,104
2023-10-04T04:51:33,107,0,17,104
2023-10-04T05:04:42,107,0,17,104
2023-10-04T05:17:51,107,0,17,104
2023-10-04T05:30:58,107,0,17,104
2023-10-04T05:44:07,107,0,17,104
2023-10-04T05:57:14,107,0,17,104
2023-10-04T06:10:19,107,0,17,104
2023-10-04T06:23:25,107,0,17,104
2023-10-04T06:36:32,107,0,17,104
2023-10-04T06:49:40,107,0,17,104
2023-10-04T07:02:48,107,0,17,104
2023-10-04T07:15:56,107,0,17,104
2023-10-04T07:29:00,107,0,17,104
2023-10-04T07:42:05,107,0,17,104
2023-10-04T07:55:10,107,0,17,104
2023-10-04T08:08:26,107,0,17,104
2023-10-04T08:21:31,107,0,17,104
2023-10-04T08:34:37,107,0,17,104
2023-10-04T08:47:43,107,0,17,104
2023-10-04T09:00:48,107,0,17,104
2023-10-04T09:13:52,107,0,17,104
2023-10-04T09:27:05,107,0,17,104
2023-10-04T09:42:54,107,0,17,104
2023-10-04T09:55:50,107,0,17,104
2023-10-04T10:08:46,107,0,17,104
2023-10-04T10:21:54,107,0,18,104
2023-10-04T10:34:49,107,0,18,104
2023-10-04T10:47:46,107,0,18,104
2023-10-04T11:00:43,107,0,18,104
2023-10-04T11:13:50,107,0,18,104
2023-10-04T11:26:46,107,0,18,104
2023-10-04T11:39:42,107,0,18,104
2023-10-04T11:52:48,107,0,18,104
2023-10-04T12:05:45,107,0,18,104
2023-10-04T12:18:41,107,0,18,104
2023-10-04T12:31:37,107,0,18,104
2023-10-04T12:44:43,107,0,18,104
2023-10-04T12:57:38,107,0,18,104
2023-10-04T13:10:34,107,0,18,104
2023-10-04T13:23:41,107,0,18,104
2023-10-04T13:36:37,107,0,18,104
2023-10-04T13:49:33,107,0,18,104
2023-10-04T14:02:29,107,0,18,104
2023-10-04T14:15:35,107,0,19,104
2023-10-04T14:28:30,107,0,19,104
2023-10-04T14:41:26,107,0,19,104
2023-10-04T14:54:34,107,0,18,104
2023-10-04T15:07:31,107,0,18,104
2023-10-04T15:20:27,107,0,18,104
2023-10-04T15:33:26,107,0,18,104
2023-10-04T15:46:34,107,0,18,104
2023-10-04T15:59:31,107,0,18,104
2023-10-04T16:12:29,107,0,18,104
2023-10-04T16:25:41,107,0,18,104
2023-10-04T16:38:37,107,0,18,104
2023-10-04T16:51:33,107,0,18,104
2023-10-04T17:04:31,107,0,18,104
2023-10-04T17:17:38,107,0,18,104
2023-10-04T17:30:35,107,0,18,104
2023-10-04T17:43:31,107,0,18,104
2023-10-04T17:56:27,107,0,18,104
2023-10-04T18:09:37,107,0,18,104
2023-10-04T18:22:33,107,0,18,104
2023-10-04T18:35:30,107,0,18,104
2023-10-04T18:48:26,107,0,18,104
2023-10-04T19:01:22,107,0,18,104
2023-10-04T19:14:29,107,0,18,104
2023-10-04T19:27:25,107,0,18,104
2023-10-04T19:40:21,107,0,18,104
2023-10-04T19:53:16,107,0,18,104
2023-10-04T20:06:23,107,0,18,104
2023-10-04T20:19:18,107,0,18,104
2023-10-04T20:32:15,107,0,17,104
2023-10-04T20:45:11,107,0,17,104
2023-10-04T20:58:12,107,0,17,104
2023-10-04T21:11:07,107,0,17,104
2023-10-04T21:24:15,107,0,17,104
2023-10-04T21:37:11,107,0,17,104
2023-10-04T21:50:07,107,0,17,104
2023-10-04T22:03:03,107,0,17,104
2023-10-04T22:16:10,107,0,17,104
2023-10-04T22:29:06,107,0,17,104
2023-10-04T22:42:02,107,0,17,104
2023-10-04T22:54:59,107,0,17,104
2023-10-04T23:07:56,107,0,17,104
2023-10-04T23:20:53,107,0,17,104
2023-10-04T23:34:01,107,0,17,104
2023-10-04T23:46:58,107,0,17,104
2023-10-04T23:59:55,107,0,17,104
2023-10-05T00:12:55,107,0,17,104
2023-10-05T00:26:00,107,0,17,104
2023-10-05T00:39:00,107,0,17,104
2023-10-05T00:52:01,107,0,17,104
2023-10-05T01:05:03,107,0,17,104
2023-10-05T01:18:15,107,0,17,104
2023-10-05T01:31:15,107,0,17,104
2023-10-05T01:44:15,107,0,17,104
2023-10-05T01:57:20,107,0,17,104
2023-10-05T02:10:23,107,0,17,104
2023-10-05T02:23:21,107,0,17,104
2023-10-05T02:36:19,107,0,17,104
2023-10-05T02:49:16,107,0,17,104
2023-10-05T03:02:12,107,0,17,104
2023-10-05T03:15:12,107,0,17,104
2023-10-05T03:28:12,107,0,17,104
2023-10-05T03:41:14,107,0,17,104
2023-10-05T03:54:16,107,0,17,104
2023-10-05T04:07:19,107,0,17,104
2023-10-05T04:20:02,107,0,17,104
2023-10-05T04:33:06,107,0,17,104
2023-10-05T04:47:42,107,0,17,104
2023-10-05T05:00:48,107,0,17,104
2023-10-05T05:13:54,107,0,17,104
2023-10-05T05:26:56,107,0,17,104
2023-10-05T05:39:56,107,0,17,104
2023-10-05T05:53:06,107,0,17,104
2023-10-05T06:06:44,107,0,17,104
2023-10-05T06:19:53,107,0,17,104
2023-10-05T06:33:01,107,0,17,104
2023-10-05T06:46:09,107,0,17,104
2023-10-05T06:59:16,107,0,17,104
2023-10-05T07:12:29,107,0,17,104
2023-10-05T07:25:37,107,0,17,104
2023-10-05T07:38:44,107,0,17,104
2023-10-05T07:51:50,107,0,17,104
2023-10-05T08:04:57,107,0,18,104
2023-10-05T08:18:12,107,0,18,104
2023-10-05T08:31:20,107,0,18,104
2023-10-05T08:44:27,107,0,18,104
2023-10-05T08:57:32,107,0,18,104
2023-10-05T09:10:37,107,0,18,104
2023-10-05T09:23:41,107,0,18,104
2023-10-05T09:36:46,107,0,18,104
2023-10-05T09:50:00,107,0,18,104
2023-10-05T10:03:04,107,0,18,104
2023-10-05T10:16:10,107,0,18,104
2023-10-05T10:29:16,107,0,18,104
2023-10-05T10:42:31,107,0,18,104
2023-10-05T10:55:37,107,0,18,104
2023-10-05T11:08:42,107,0,18,104
2023-10-05T11:21:47,107,0,18,104
2023-10-05T11:34:52,107,0,18,104
2023-10-05T11:48:06,107,0,18,104
2023-10-05T12:01:10,107,0,18,104
2023-10-05T12:14:16,107,0,18,104
2023-10-05T12:27:21,107,0,18,104
2023-10-05T12:40:35,107,0,18,104
2023-10-05T12:53:40,107,0,18,104
2023-10-05T13:06:44,107,0,18,104
2023-10-05T13:20:00,107,0,18,104
2023-10-05T13:33:05,107,0,18,104
2023-10-05T13:46:10,107,0,18,104
2023-10-05T13:59:26,107,0,18,104
2023-10-05T14:12:32,107,0,18,104
2023-10-05T14:25:37,107,0,18,104
2023-10-05T14:38:52,107,0,18,104
2023-10-05T14:51:58,107,0,18,104
2023-10-05T15:05:02,107,0,18,104
2023-10-05T15:18:07,107,0,18,104
2023-10-05T15:31:22,107,0,18,104
2023-10-05T15:44:27,107,0,18,104
2023-10-05T15:57:31,107,0,18,104
2023-10-05T16:10:35,107,0,18,104
2023-10-05T16:23:39,107,0,19,104
2023-10-05T16:36:53,107,0,19,104
2023-10-05T16:49:57,107,0,19,104
2023-10-05T17:03:14,107,0,19,104
2023-10-05T17:16:21,107,0,19,104
2023-10-05T17:29:24,107,0,19,104
2023-10-05T17:42:29,107,0,19,104
2023-10-05T17:55:43,107,0,19,104
2023-10-05T18:08:47,107,0,19,104
2023-10-05T18:21:51,107,0,19,104
2023-10-05T18:34:55,107,0,19,104
2023-10-05T18:47:59,107,0,19,104
2023-10-05T19:01:14,107,0,19,104
2023-10-05T19:14:17,107,0,19,104
2023-10-05T19:27:25,107,0,19,104
2023-10-05T19:40:29,107,0,19,104
2023-10-05T19:53:34,107,0,19,104
2023-10-05T20:06:38,107,0,19,104
2023-10-05T20:19:54,107,0,19,104
2023-10-05T20:32:58,107,0,19,104
2023-10-05T20:46:02,107,0,19,104
2023-10-05T20:59:07,107,0,19,104
2023-10-05T21:12:11,107,0,19,104
2023-10-05T21:25:16,107,0,19,104
2023-10-05T21:38:20,107,0,19,104
2023-10-05T21:51:35,107,0,19,104
2023-10-05T22:04:39,107,0,19,104
2023-10-05T22:17:42,107,0,19,104
2023-10-05T22:30:46,107,0,19,104
2023-10-05T22:43:52,107,0,19,104
2023-10-05T22:56:56,106,0,19,104
2023-10-05T23:10:13,106,0,19,104
2023-10-05T23:23:18,106,0,19,104
2023-10-05T23:36:23,106,0,19,104
2023-10-05T23:49:28,106,0,19,104
2023-10-06T00:02:35,106,0,19,104
2023-10-06T00:15:44,106,0,19,104
2023-10-06T00:29:04,106,0,19,104
2023-10-06T00:42:13,106,0,19,104
2023-10-06T00:55:23,106,0,19,104
2023-10-06T01:08:32,106,0,19,104
2023-10-06T01:21:42,106,0,19,104
2023-10-06T01:35:01,106,0,19,104
2023-10-06T01:48:11,106,0,19,104
2023-10-06T02:01:24,106,0,19,104
2023-10-06T02:14:34,106,0,19,104
2023-10-06T02:27:42,106,0,19,104
2023-10-06T02:40:49,106,0,19,104
2023-10-06T02:53:58,106,0,19,104
2023-10-06T03:07:08,106,0,19,104
2023-10-06T03:20:29,106,0,19,104
2023-10-06T03:33:39,106,0,19,104
2023-10-06T03:46:49,106,0,19,104
2023-10-06T03:59:58,106,0,19,104
2023-10-06T04:13:07,106,0,19,104
2023-10-06T04:28:49,106,0,19,104
2023-10-06T04:43:28,106,0,19,104
2023-10-06T04:56:43,106,0,19,104
2023-10-06T05:09:55,106,0,19,104
2023-10-06T05:23:05,106,0,19,104
2023-10-06T05:36:16,106,0,19,104
2023-10-06T05:49:27,106,0,19,104
2023-10-06T06:02:36,106,0,19,104
2023-10-06T06:15:42,106,0,19,104
2023-10-06T06:28:52,106,0,19,104
2023-10-06T06:42:01,106,0,19,104
2023-10-06T06:55:09,106,0,19,104
2023-10-06T07:08:18,106,0,19,104
2023-10-06T07:21:30,106,0,19,104
2023-10-06T07:34:37,106,0,19,104
2023-10-06T07:47:54,106,0,19,104
2023-10-06T08:01:00,106,0,19,104
2023-10-06T08:14:04,106,0,19,104
2023-10-06T08:27:14,106,0,19,104
2023-10-06T08:40:18,106,0,19,104
2023-10-06T08:53:23,106,0,19,104
2023-10-06T09:06:30,106,0,19,104
2023-10-06T09:19:35,106,0,19,104
2023-10-06T09:32:51,106,0,19,104
2023-10-06T09:45:56,106,0,19,104
2023-10-06T09:59:00,106,0,19,104
2023-10-06T10:12:05,106,0,19,104
2023-10-06T10:25:09,106,0,19,104
2023-10-06T10:38:40,106,0,19,104
2023-10-06T10:51:44,106,0,19,104
2023-10-06T11:04:51,106,0,19,104
2023-10-06T11:17:59,106,0,19,104
2023-10-06T11:31:15,106,0,19,104
2023-10-06T11:44:20,106,0,19,104
2023-10-06T11:57:26,106,0,19,104
2023-10-06T12:10:30,106,0,19,104
2023-10-06T12:23:34,106,0,19,104
2023-10-06T12:36:58,106,0,19,104
2023-10-06T12:50:03,106,0,18,104
2023-10-06T13:03:08,106,0,18,104
2023-10-06T13:16:23,106,0,18,104
2023-10-06T13:29:28,106,0,18,104
2023-10-06T13:42:32,106,0,18,104
2023-10-06T13:55:38,106,0,18,104
2023-10-06T14:08:43,106,0,18,104
2023-10-06T14:22:15,106,0,18,104
2023-10-06T14:35:20,107,0,17,104
2023-10-06T14:48:24,107,0,17,104
2023-10-06T15:01:28,107,0,17,104
2023-10-06T15:14:32,107,0,17,104
2023-10-06T15:27:46,107,0,17,104
2023-10-06T15:40:50,107,0,17,104
2023-10-06T15:53:55,107,0,17,104
2023-10-06T16:06:59,107,0,17,104
2023-10-06T16:20:05,107,0,17,104
2023-10-06T16:33:09,107,0,17,104
2023-10-06T16:46:36,107,0,17,104
2023-10-06T16:59:40,108,0,16,104
2023-10-06T17:12:46,109,0,15,104
2023-10-06T17:25:51,109,0,15,104
2023-10-06T17:38:56,109,0,15,104
2023-10-06T17:52:01,109,0,15,104
2023-10-06T18:05:05,109,0,15,104
2023-10-06T18:18:29,111,0,13,104
2023-10-06T18:31:35,111,0,13,104
2023-10-06T18:44:39,112,0,12,104
2023-10-06T18:57:44,112,0,12,104
2023-10-06T19:10:50,112,0,12,104
2023-10-06T19:23:55,112,0,12,104
2023-10-06T19:37:00,113,0,11,104
2023-10-06T19:50:15,113,0,11,104
2023-10-06T20:03:20,114,0,10,104
2023-10-06T20:16:25,114,0,10,104
2023-10-06T20:29:29,114,0,10,104
2023-10-06T20:42:35,114,0,10,104
2023-10-06T20:55:40,114,0,10,104
2023-10-06T21:08:45,114,0,10,104
2023-10-06T21:21:50,114,0,10,104
2023-10-06T21:34:55,114,0,10,104
2023-10-06T21:48:20,114,0,10,104
2023-10-06T22:01:24,114,0,10,104
2023-10-06T22:14:28,115,0,9,104
2023-10-06T22:27:34,115,0,9,104
2023-10-06T22:40:39,115,0,9,104
2023-10-06T22:53:45,116,0,8,104
2023-10-06T23:06:51,116,0,8,104
2023-10-06T23:19:58,116,0,8,104
2023-10-06T23:33:06,116,0,8,104
2023-10-06T23:46:13,116,0,8,104
2023-10-06T23:59:19,116,0,8,104
2023-10-07T00:12:43,116,0,8,104
2023-10-07T00:25:56,116,0,8,104
2023-10-07T00:39:05,116,0,8,104
2023-10-07T00:52:26,116,0,8,104
2023-10-07T01:05:36,116,0,8,104
2023-10-07T01:18:47,116,0,8,104
2023-10-07T01:31:57,116,0,8,104
2023-10-07T01:45:07,116,0,8,104
2023-10-07T01:58:19,116,0,8,104
2023-10-07T02:11:29,116,0,8,104
2023-10-07T02:24:40,116,0,8,104
2023-10-07T02:37:50,116,0,8,104
2023-10-07T02:51:11,116,0,8,104
2023-10-07T03:05:12,116,0,8,104
2023-10-07T03:18:21,116,0,8,104
2023-10-07T03:31:32,116,0,8,104
2023-10-07T03:44:43,116,0,8,104
2023-10-07T03:57:54,116,0,8,104
2023-10-07T04:20:30,116,0,8,104
2023-10-07T04:34:05,116,0,8,104
2023-10-07T04:47:17,116,0,8,104
2023-10-07T05:00:25,116,0,8,104
2023-10-07T05:13:34,116,0,8,104
2023-10-07T05:28:28,116,0,8,104
2023-10-07T05:41:39,116,0,8,104
2023-10-07T05:54:50,116,0,8,104
2023-10-07T06:08:02,116,0,8,104
2023-10-07T06:21:10,116,0,8,104
2023-10-07T06:34:20,116,0,8,104
2023-10-07T06:47:29,116,0,8,104
2023-10-07T07:00:39,116,0,8,104
2023-10-07T07:13:48,116,0,8,104
2023-10-07T07:27:04,116,0,8,104
2023-10-07T07:40:10,116,0,8,104
2023-10-07T07:53:17,116,0,8,104
2023-10-07T08:06:25,116,0,8,104
2023-10-07T08:19:34,116,0,8,104
2023-10-07T08:32:43,116,0,8,104
2023-10-07T08:45:50,116,0,8,104
2023-10-07T08:58:57,116,0,8,104
2023-10-07T09:12:04,116,0,8,104
2023-10-07T09:25:12,116,0,8,104
2023-10-07T09:38:18,116,0,8,104
2023-10-07T09:51:25,116,0,8,104
2023-10-07T10:04:31,116,0,8,104
2023-10-07T10:17:37,116,0,8,104
2023-10-07T10:30:43,116,0,8,104
2023-10-07T10:44:00,116,0,8,104
2023-10-07T10:57:04,116,0,8,104
2023-10-07T11:10:08,116,0,8,104
2023-10-07T11:23:12,116,0,8,104
2023-10-07T11:36:16,116,0,8,104
2023-10-07T11:49:21,116,0,8,104
2023-10-07T12:02:25,116,0,8,104
2023-10-07T12:15:30,116,0,8,104
2023-10-07T12:28:34,116,0,8,104
2023-10-07T12:41:39,116,0,8,104
2023-10-07T12:54:43,116,0,8,104
2023-10-07T13:07:49,116,0,8,104
2023-10-07T13:21:06,116,0,8,104
2023-10-07T13:34:10,116,0,8,104
2023-10-07T13:47:15,116,0,8,104
2023-10-07T14:00:20,116,0,8,104
2023-10-07T14:13:23,116,0,8,104
2023-10-07T14:26:28,116,0,8,104
2023-10-07T14:39:33,116,0,8,104
2023-10-07T14:52:38,116,0,8,104
2023-10-07T15:05:42,116,0,8,104
2023-10-07T15:18:46,116,0,8,104
2023-10-07T15:31:51,116,0,8,104
2023-10-07T15:45:05,116,0,8,104
2023-10-07T15:58:10,116,0,8,104
2023-10-07T16:11:14,116,0,8,104
2023-10-07T16:24:19,116,0,8,104
2023-10-07T16:37:24,116,0,8,104
2023-10-07T16:50:28,116,0,8,104
2023-10-07T17:03:33,116,0,8,104
2023-10-07T17:16:40,116,0,8,104
2023-10-07T17:29:44,116,0,8,104
2023-10-07T17:42:49,116,0,8,104
2023-10-07T17:55:54,116,0,8,104
2023-10-07T18:08:59,116,0,8,104
2023-10-07T18:22:14,116,0,8,104
2023-10-07T18:35:19,116,0,8,104
2023-10-07T18:48:25,116,0,8,104
2023-10-07T19:01:34,116,0,8,104
2023-10-07T19:14:39,116,0,8,104
2023-10-07T19:27:44,116,0,8,104
2023-10-07T19:40:49,116,0,8,104
2023-10-07T19:53:53,116,0,8,104
2023-10-07T20:06:57,116,0,8,104
2023-10-07T20:20:02,116,0,8,104
2023-10-07T20:33:08,116,0,8,104
2023-10-07T20:46:13,116,0,8,104
2023-10-07T20:59:17,116,0,8,104
2023-10-07T21:12:30,116,0,8,104
2023-10-07T21:25:35,116,0,8,104
2023-10-07T21:38:40,116,0,8,104
2023-10-07T21:51:45,116,0,8,104
2023-10-07T22:04:51,116,0,8,104
2023-10-07T22:17:56,116,0,8,104
2023-10-07T22:31:04,116,0,8,104
2023-10-07T22:44:09,116,0,8,104
2023-10-07T22:57:14,116,0,8,104
2023-10-07T23:10:21,116,0,8,104
2023-10-07T23:23:26,116,0,8,104
2023-10-07T23:36:31,116,0,8,104
2023-10-07T23:49:36,116,0,8,104
2023-10-08T00:02:41,116,0,8,104
2023-10-08T00:15:54,116,0,8,104
2023-10-08T00:29:12,116,0,8,104
2023-10-08T00:42:20,116,0,9,104
2023-10-08T00:55:25,116,0,9,104
2023-10-08T01:08:31,116,0,9,104
2023-10-08T01:21:36,116,0,9,104
2023-10-08T01:34:40,116,0,9,104
2023-10-08T01:47:45,116,0,9,104
2023-10-08T02:00:50,116,0,9,104
2023-10-08T02:13:57,116,0,9,104
2023-10-08T02:27:01,116,0,9,104
2023-10-08T02:40:06,116,0,9,104
2023-10-08T02:53:12,116,0,9,104
2023-10-08T03:06:26,116,0,9,104
2023-10-08T03:19:39,116,0,9,104
2023-10-08T03:32:50,116,0,9,104
2023-10-08T03:46:01,116,0,9,104
2023-10-08T03:59:10,116,0,9,104
2023-10-08T04:17:47,116,0,9,104
2023-10-08T04:32:17,116,0,9,104
2023-10-08T04:45:52,116,0,9,104
2023-10-08T04:59:06,116,0,9,104
2023-10-08T05:12:18,116,0,9,104
2023-10-08T05:25:28,116,0,9,104
2023-10-08T05:38:38,116,0,9,104
2023-10-08T05:51:48,116,0,9,104
2023-10-08T06:04:56,116,0,9,104
2023-10-08T06:18:07,116,0,9,104
2023-10-08T06:31:16,116,0,9,104
2023-10-08T06:44:26,116,0,9,104
2023-10-08T06:57:33,116,0,9,104
2023-10-08T07:10:40,116,0,9,104
2023-10-08T07:23:49,116,0,9,104
2023-10-08T07:36:56,116,0,9,104
2023-10-08T07:50:03,116,0,9,104
2023-10-08T08:03:12,116,0,9,104
2023-10-08T08:16:19,116,0,9,104
2023-10-08T08:29:35,116,0,9,104
2023-10-08T08:42:44,116,0,9,104
2023-10-08T08:55:52,116,0,9,104
2023-10-08T09:09:01,116,0,9,104
2023-10-08T09:22:08,116,0,9,104
2023-10-08T09:35:16,116,0,9,104
2023-10-08T09:48:25,116,0,9,104
2023-10-08T10:01:33,116,0,9,104
2023-10-08T10:14:40,116,0,9,104
2023-10-08T10:27:46,116,0,9,104
2023-10-08T10:40:54,116,0,9,104
2023-10-08T10:53:59,116,0,9,104
2023-10-08T11:07:12,116,0,9,104
2023-10-08T11:20:18,116,0,9,104
2023-10-08T11:33:24,116,0,9,104
2023-10-08T11:46:29,116,0,9,104
2023-10-08T11:59:35,116,0,9,104
2023-10-08T12:12:41,116,0,9,104
2023-10-08T12:25:49,116,0,9,104
2023-10-08T12:38:56,116,0,9,104
2023-10-08T12:52:02,116,0,9,104
2023-10-08T13:05:07,116,0,9,104
2023-10-08T13:18:11,116,0,9,104
2023-10-08T13:31:28,116,0,9,104
2023-10-08T13:44:33,116,0,9,104
2023-10-08T13:57:38,116,0,9,104
2023-10-08T14:10:44,116,0,9,104
2023-10-08T14:23:48,116,0,9,104
2023-10-08T14:36:53,116,0,9,104
2023-10-08T14:50:00,116,0,9,104
2023-10-08T15:03:06,116,0,9,104
2023-10-08T15:16:22,116,0,9,104
2023-10-08T15:29:27,116,0,9,104
2023-10-08T15:42:30,116,0,9,104
2023-10-08T15:55:34,116,0,9,104
2023-10-08T16:08:39,116,0,9,104
2023-10-08T16:21:45,116,0,9,104
2023-10-08T16:34:51,116,0,9,104
2023-10-08T16:47:56,116,0,9,104
2023-10-08T17:01:10,116,0,9,104
2023-10-08T17:14:16,116,0,9,104
2023-10-08T17:27:20,116,0,9,104
2023-10-08T17:40:25,116,0,9,104
2023-10-08T17:53:30,116,0,9,104
2023-10-08T18:06:34,116,0,9,104
2023-10-08T18:19:39,116,0,9,104
2023-10-08T18:32:45,116,0,9,104
2023-10-08T18:45:59,116,0,9,104
2023-10-08T18:59:04,116,0,9,104
2023-10-08T19:12:11,116,0,9,104
2023-10-08T19:25:18,116,0,9,104
2023-10-08T19:38:24,116,0,9,104
2023-10-08T19:51:29,116,0,9,104
2023-10-08T20:04:34,116,0,9,104
2023-10-08T20:17:38,116,0,9,104
2023-10-08T20:30:54,116,0,9,104
2023-10-08T20:43:58,116,0,9,104
2023-10-08T20:57:03,116,0,9,104
2023-10-08T21:10:07,116,0,9,104
2023-10-08T21:23:12,116,0,9,104
2023-10-08T21:36:18,116,0,9,104
2023-10-08T21:49:25,116,0,9,104
2023-10-08T22:02:31,116,0,9,104
2023-10-08T22:15:36,116,0,9,104
2023-10-08T22:28:55,116,0,9,104
2023-10-08T22:42:00,116,0,9,104
2023-10-08T22:55:04,116,0,9,104
2023-10-08T23:08:11,116,0,9,104
2023-10-08T23:21:17,116,0,9,104
2023-10-08T23:34:22,116,0,9,104
2023-10-08T23:47:29,116,0,9,104
2023-10-09T00:00:34,116,0,9,104
2023-10-09T00:13:52,116,0,9,104
2023-10-09T00:27:05,116,0,9,104
2023-10-09T00:40:25,116,0,9,104
2023-10-09T00:53:39,116,0,9,104
2023-10-09T01:06:46,116,0,9,104
2023-10-09T01:20:04,116,0,9,104
2023-10-09T01:33:21,116,0,9,104
2023-10-09T01:46:32,116,0,9,104
2023-10-09T01:59:43,116,0,9,104
2023-10-09T02:12:55,116,0,9,104
2023-10-09T02:26:20,116,0,9,104
2023-10-09T02:39:28,116,0,9,104
2023-10-09T02:52:35,116,0,9,104
2023-10-09T03:05:43,116,0,9,104
2023-10-09T03:18:52,116,0,9,104
2023-10-09T03:32:01,116,0,9,104
2023-10-09T03:45:10,116,0,9,104
2023-10-09T03:58:18,116,0,9,104
2023-10-09T04:11:26,116,0,9,104
2023-10-09T04:23:21,116,0,9,104
2023-10-09T04:38:00,116,0,9,104
2023-10-09T04:51:14,116,0,9,104
2023-10-09T05:04:33,116,0,9,104
2023-10-09T05:17:47,116,0,9,104
2023-10-09T05:30:56,116,0,9,104
2023-10-09T05:44:09,116,0,9,104
2023-10-09T05:57:19,116,0,9,104
2023-10-09T06:10:29,116,0,9,104
2023-10-09T06:23:39,116,0,9,104
2023-10-09T06:36:49,116,0,9,104
2023-10-09T06:49:56,116,0,9,104
2023-10-09T07:03:05,116,0,9,104
2023-10-09T07:16:11,116,0,9,104
2023-10-09T07:29:16,116,0,9,104
2023-10-09T07:42:30,116,0,9,104
2023-10-09T07:55:33,116,0,9,104
2023-10-09T08:08:38,116,0,9,104
2023-10-09T08:21:43,116,0,9,104
2023-10-09T08:34:49,116,0,9,104
2023-10-09T08:47:55,116,0,9,104
2023-10-09T09:01:00,116,0,9,104
2023-10-09T09:14:05,116,0,9,104
2023-10-09T09:27:10,116,0,9,104
2023-10-09T09:40:27,116,0,9,104
2023-10-09T09:53:32,116,0,9,104
2023-10-09T10:06:38,116,0,9,104
2023-10-09T10:19:46,116,0,9,104
2023-10-09T10:32:50,116,0,9,104
2023-10-09T10:46:07,116,0,9,104
2023-10-09T10:59:11,116,0,9,104
2023-10-09T11:12:16,116,0,9,104
2023-10-09T11:25:21,116,0,8,104
2023-10-09T11:38:27,116,0,8,104
2023-10-09T11:51:46,116,0,8,104
2023-10-09T12:04:52,116,0,8,104
2023-10-09T12:17:58,116,0,8,104
2023-10-09T12:31:03,116,0,8,104
2023-10-09T12:44:08,116,0,8,104
2023-10-09T12:57:23,116,0,8,104
2023-10-09T13:10:28,116,0,8,104
2023-10-09T13:23:34,116,0,9,104
2023-10-09T13:36:39,116,0,9,104
2023-10-09T13:49:54,116,0,9,104
2023-10-09T14:03:00,116,0,9,104
2023-10-09T14:16:07,116,0,9,104
2023-10-09T14:29:12,116,0,9,104
2023-10-09T14:42:30,116,0,9,104
2023-10-09T14:55:35,116,0,9,104
2023-10-09T15:08:41,116,0,9,104
2023-10-09T15:21:46,116,0,9,104
2023-10-09T15:34:51,116,0,9,104
2023-10-09T15:48:09,116,0,9,104
2023-10-09T16:01:15,116,0,9,104
2023-10-09T16:14:20,116,0,9,104
2023-10-09T16:27:26,116,0,9,104
2023-10-09T16:40:42,116,0,9,104
2023-10-09T16:53:47,116,0,9,104
2023-10-09T17:06:54,116,0,9,104
2023-10-09T17:20:00,116,0,9,104
2023-10-09T17:33:05,116,0,9,104
2023-10-09T17:46:22,116,0,9,104
2023-10-09T17:59:26,116,0,9,104
2023-10-09T18:12:31,116,0,9,104
2023-10-09T18:25:35,116,0,9,104
2023-10-09T18:38:52,116,0,9,104
2023-10-09T18:51:57,116,0,9,104
2023-10-09T19:05:03,116,0,9,104
2023-10-09T19:18:09,116,0,9,104
2023-10-09T19:31:14,116,0,9,104
2023-10-09T19:44:18,116,0,9,104
2023-10-09T19:57:23,116,0,9,104
2023-10-09T20:10:39,116,0,9,104
2023-10-09T20:23:44,116,0,9,104
2023-10-09T20:36:49,116,0,9,104
2023-10-09T20:49:54,116,0,9,104
2023-10-09T21:02:58,116,0,9,104
2023-10-09T21:16:03,116,0,9,104
2023-10-09T21:29:09,116,0,9,104
2023-10-09T21:42:14,116,0,9,104
2023-10-09T21:55:31,116,0,9,104
2023-10-09T22:08:36,116,0,9,104
2023-10-09T22:21:41,116,0,9,104
2023-10-09T22:34:46,116,0,9,104
2023-10-09T22:47:52,116,0,9,104
2023-10-09T23:00:58,116,0,9,104
2023-10-09T23:14:03,116,0,9,104
2023-10-09T23:27:09,116,0,9,104
2023-10-09T23:40:15,116,0,9,104
2023-10-09T23:53:32,116,0,9,104
2023-10-10T00:06:38,116,0,9,104
2023-10-10T00:19:46,116,0,9,104
2023-10-10T00:32:59,116,0,9,104
2023-10-10T00:46:10,116,0,9,104
2023-10-10T00:59:20,116,0,9,104
2023-10-10T01:12:30,116,0,9,104
2023-10-10T01:25:40,116,0,9,104
2023-10-10T01:38:50,116,0,9,104
2023-10-10T01:52:10,116,0,9,104
2023-10-10T02:05:21,116,0,9,104
2023-10-10T02:18:29,116,0,9,104
2023-10-10T02:31:37,116,0,9,104
2023-10-10T02:44:45,116,0,9,104
2023-10-10T02:57:52,116,0,9,104
2023-10-10T03:11:01,116,0,9,104
2023-10-10T03:24:11,116,0,9,104
2023-10-10T03:37:19,116,0,9,104
2023-10-10T03:50:27,116,0,9,104
2023-10-10T04:03:37,116,0,9,104
2023-10-10T04:28:01,116,0,9,104
2023-10-10T04:41:14,116,0,9,104
2023-10-10T04:55:45,116,0,9,104
2023-10-10T05:09:18,116,0,9,104
2023-10-10T05:22:29,116,0,9,104
2023-10-10T05:35:38,116,0,9,104
2023-10-10T05:48:47,116,0,9,104
2023-10-10T06:02:01,116,0,9,104
2023-10-10T06:15:09,116,0,9,104
2023-10-10T06:28:17,116,0,9,104
2023-10-10T06:41:29,116,0,9,104
2023-10-10T06:54:37,116,0,9,104
2023-10-10T07:07:47,116,0,9,104
2023-10-10T07:20:56,116,0,9,104
2023-10-10T07:34:04,116,0,9,104
2023-10-10T07:47:10,116,0,9,104
2023-10-10T08:00:18,116,0,9,104
2023-10-10T08:13:35,116,0,9,104
2023-10-10T08:26:43,116,0,9,104
2023-10-10T08:39:51,116,0,9,104
2023-10-10T08:52:57,116,0,9,104
2023-10-10T09:06:04,116,0,9,104
2023-10-10T09:19:10,116,0,9,104
2023-10-10T09:32:17,116,0,9,104
2023-10-10T09:45:33,116,0,9,104
2023-10-10T09:58:39,116,0,9,104
2023-10-10T10:11:45,116,0,9,104
2023-10-10T10:24:50,116,0,9,104
2023-10-10T10:37:56,116,0,9,104
2023-10-10T10:51:01,116,0,9,104
2023-10-10T11:04:18,116,0,9,104
2023-10-10T11:17:23,116,0,9,104
2023-10-10T11:30:29,116,0,9,104
2023-10-10T11:43:34,116,0,9,104
2023-10-10T11:56:40,116,0,9,104
2023-10-10T12:09:56,116,0,9,104
2023-10-10T12:23:01,116,0,9,104
2023-10-10T12:36:07,116,0,9,104
2023-10-10T12:49:12,116,0,9,104
2023-10-10T13:02:17,116,0,9,104
2023-10-10T13:15:23,116,0,9,104
2023-10-10T13:28:41,116,0,9,104
2023-10-10T13:41:46,116,0,9,104
2023-10-10T13:54:51,116,0,9,104
2023-10-10T14:07:56,116,0,9,104
2023-10-10T14:21:03,116,0,9,104
2023-10-10T14:34:19,116,0,9,104
2023-10-10T14:47:24,116,0,9,104
2023-10-10T15:00:28,116,0,9,104
2023-10-10T15:13:34,116,0,9,104
2023-10-10T15:26:38,116,0,9,104
2023-10-10T15:39:58,116,0,9,104
2023-10-10T15:53:03,116,0,9,104
2023-10-10T16:06:08,116,0,9,104
2023-10-10T16:19:13,116,0,9,104
2023-10-10T16:32:18,116,0,9,104
2023-10-10T16:45:23,116,0,9,104
2023-10-10T16:58:39,116,0,9,104
2023-10-10T17:11:45,116,0,9,104
2023-10-10T17:24:50,116,0,9,104
2023-10-10T17:37:55,115,0,9,104
2023-10-10T17:51:00,115,0,9,104
2023-10-10T18:04:05,115,0,9,104
2023-10-10T18:17:09,115,0,9,104
2023-10-10T18:30:26,115,0,9,104
2023-10-10T18:43:33,115,0,9,104
2023-10-10T18:56:37,115,0,9,104
2023-10-10T19:09:42,115,0,9,104
2023-10-10T19:22:48,115,0,9,104
2023-10-10T19:35:52,115,0,9,104
2023-10-10T19:48:56,115,0,9,104
2023-10-10T20:02:01,115,0,9,104
2023-10-10T20:15:05,115,0,9,104
2023-10-10T20:28:22,115,0,9,104
2023-10-10T20:41:27,115,0,9,104
2023-10-10T20:54:31,114,0,9,104
2023-10-10T21:07:36,114,0,9,104
2023-10-10T21:20:42,114,0,9,104
2023-10-10T21:33:47,114,0,9,104
2023-10-10T21:46:51,114,0,9,104
2023-10-10T21:59:57,114,0,9,104
2023-10-10T22:13:01,114,0,9,104
2023-10-10T22:26:16,114,0,9,104
2023-10-10T22:39:22,114,0,9,104
2023-10-10T22:52:26,114,0,9,104
2023-10-10T23:05:31,114,0,9,104
2023-10-10T23:18:36,114,0,9,104
2023-10-10T23:31:41,114,0,9,104
2023-10-10T23:44:47,114,0,9,104
2023-10-10T23:57:52,114,0,9,104
2023-10-11T00:10:59,114,0,9,104
2023-10-11T00:24:21,114,0,9,104
2023-10-11T00:48:44,114,0,9,104
2023-10-11T01:01:56,114,0,9,104
2023-10-11T01:15:08,114,0,9,104
2023-10-11T01:28:18,114,0,9,104
2023-10-11T01:41:38,114,0,9,104
2023-10-11T01:54:49,114,0,9,104
2023-10-11T02:08:00,114,0,9,104
2023-10-11T02:21:08,114,0,9,104
2023-10-11T02:34:17,114,0,9,104
2023-10-11T02:47:23,114,0,9,104
2023-10-11T03:00:34,114,0,9,104
2023-10-11T03:13:46,114,0,9,104
2023-10-11T03:26:56,114,0,9,104
2023-10-11T03:40:05,114,0,9,104
2023-10-11T03:53:16,114,0,9,104
2023-10-11T04:06:40,114,0,9,104
2023-10-11T04:19:17,114,0,9,104
2023-10-11T04:32:29,114,0,9,104
2023-10-11T04:46:59,114,0,9,104
2023-10-11T05:00:32,114,0,9,104
2023-10-11T05:13:49,114,0,9,104
2023-10-11T05:26:59,114,0,9,104
2023-10-11T05:40:10,114,0,9,104
2023-10-11T05:53:21,114,0,9,104
2023-10-11T06:06:34,114,0,9,104
2023-10-11T06:19:44,114,0,9,104
2023-10-11T06:32:53,114,0,9,104
2023-10-11T06:46:03,114,0,9,104
2023-10-11T06:59:11,114,0,9,104
2023-10-11T07:12:20,114,0,9,104
2023-10-11T07:25:27,114,0,9,104
2023-10-11T07:38:34,114,0,9,104
2023-10-11T07:51:40,114,0,9,104
2023-10-11T08:04:46,114,0,9,104
2023-10-11T08:18:01,114,0,9,104
2023-10-11T08:31:06,114,0,9,104
2023-10-11T08:44:11,114,0,9,104
2023-10-11T08:57:15,114,0,9,104
2023-10-11T09:10:20,114,0,9,104
2023-10-11T09:23:25,114,0,9,104
2023-10-11T09:36:30,114,0,9,104
2023-10-11T09:49:36,114,0,9,104
2023-10-11T10:02:41,114,0,9,104
2023-10-11T10:15:46,114,0,9,104
2023-10-11T10:29:10,114,0,9,104
2023-10-11T10:42:14,114,0,9,104
2023-10-11T10:55:19,114,0,9,104
2023-10-11T11:08:24,114,0,9,104
2023-10-11T11:21:29,114,0,9,104
2023-10-11T11:34:34,114,0,9,104
2023-10-11T11:47:49,114,0,9,104
2023-10-11T12:00:54,114,0,9,104
2023-10-11T12:13:58,114,0,9,104
2023-10-11T12:27:03,114,0,9,104
2023-10-11T12:40:07,114,0,9,104
2023-10-11T12:53:21,115,0,9,104
2023-10-11T13:06:26,115,0,9,104
2023-10-11T13:19:31,115,0,9,104
2023-10-11T13:32:36,115,0,9,104
2023-10-11T13:45:41,115,0,9,104
2023-10-11T13:58:46,115,0,9,104
2023-10-11T14:12:11,115,0,9,104
2023-10-11T14:25:15,115,0,9,104
2023-10-11T14:38:21,115,0,9,104
2023-10-11T14:51:26,116,0,8,104
2023-10-11T15:04:31,116,0,8,104
2023-10-11T15:17:36,116,0,8,104
2023-10-11T15:30:51,116,0,8,104
2023-10-11T15:43:57,116,0,8,104
2023-10-11T15:57:02,116,0,8,104
2023-10-11T16:10:06,116,0,8,104
2023-10-11T16:23:11,116,0,8,104
2023-10-11T16:36:17,116,0,8,104
2023-10-11T16:49:34,116,0,8,104
2023-10-11T17:02:39,116,0,8,104
2023-10-11T17:15:47,116,0,8,104
2023-10-11T17:28:52,116,0,8,104
2023-10-11T17:41:57,116,0,8,104
2023-10-11T17:55:01,116,0,8,104
2023-10-11T18:08:06,116,0,8,104
2023-10-11T18:21:22,116,0,8,104
2023-10-11T18:34:27,116,0,8,104
2023-10-11T18:47:33,116,0,8,104
2023-10-11T19:00:38,116,0,8,104
2023-10-11T19:13:43,116,0,8,104
2023-10-11T19:26:49,116,0,8,104
2023-10-11T19:39:55,117,0,7,104
2023-10-11T19:53:00,117,0,7,104
2023-10-11T20:06:06,117,0,7,104
2023-10-11T20:19:23,117,0,7,104
2023-10-11T20:32:27,117,0,7,104
2023-10-11T20:45:33,117,0,7,104
2023-10-11T20:58:38,117,0,7,104
2023-10-11T21:11:42,117,0,7,104
2023-10-11T21:24:47,117,0,7,104
2023-10-11T21:37:53,117,0,7,104
2023-10-11T21:50:59,117,0,7,104
2023-10-11T22:04:05,117,0,7,104
2023-10-11T22:17:12,117,0,7,104
2023-10-11T22:30:32,117,0,7,104
2023-10-11T22:43:37,117,0,7,104
2023-10-11T22:56:43,117,0,7,104
2023-10-11T23:09:49,117,0,7,104
2023-10-11T23:22:54,117,0,7,104
2023-10-11T23:36:00,117,0,7,104
2023-10-11T23:49:05,117,0,7,104
2023-10-12T00:02:12,117,0,7,104
2023-10-12T00:15:24,117,0,7,104
2023-10-12T00:28:54,117,0,7,104
2023-10-12T00:42:04,117,0,7,104
2023-10-12T00:55:15,117,0,7,104
2023-10-12T01:08:25,117,0,7,104
2023-10-12T01:21:35,117,0,7,104
2023-10-12T01:34:45,117,0,7,104
2023-10-12T01:47:55,117,0,7,104
2023-10-12T02:01:06,117,0,7,104
2023-10-12T02:14:15,117,0,7,104
2023-10-12T02:27:23,117,0,7,104
2023-10-12T02:40:30,117,0,7,104
2023-10-12T02:53:36,117,0,7,104
2023-10-12T03:06:42,117,0,7,104
2023-10-12T03:19:55,117,0,7,104
2023-10-12T03:33:06,117,0,7,104
2023-10-12T03:46:16,117,0,7,104
2023-10-12T03:59:27,117,0,7,104
2023-10-12T04:23:24,117,0,7,104
2023-10-12T04:36:37,117,0,7,104
2023-10-12T04:51:17,117,0,7,104
2023-10-12T05:04:30,117,0,7,104
2023-10-12T05:17:42,117,0,7,104
2023-10-12T05:30:54,117,0,7,104
2023-10-12T05:44:04,117,0,7,104
2023-10-12T05:57:14,117,0,7,104
2023-10-12T06:10:24,117,0,7,104
2023-10-12T06:23:34,117,0,7,104
2023-10-12T06:36:42,117,0,7,104
2023-10-12T06:49:54,117,0,7,104
2023-10-12T07:03:02,117,0,7,104
2023-10-12T07:16:10,117,0,7,104
2023-10-12T07:29:17,117,0,7,104
2023-10-12T07:42:23,117,0,7,104
2023-10-12T07:55:30,117,0,7,104
2023-10-12T08:08:45,117,0,7,104
2023-10-12T08:21:52,117,0,7,104
2023-10-12T08:34:58,117,0,7,104
2023-10-12T08:48:03,117,0,7,104
2023-10-12T09:01:08,117,0,7,104
2023-10-12T09:14:13,117,0,7,104
2023-10-12T09:27:18,117,0,7,104
2023-10-12T09:40:22,117,0,7,104
2023-10-12T09:53:27,117,0,7,104
2023-10-12T10:06:44,117,0,7,104
2023-10-12T10:19:48,117,0,7,104
2023-10-12T10:32:53,117,0,7,104
2023-10-12T10:45:58,117,0,7,104
2023-10-12T10:59:03,117,0,7,104
2023-10-12T11:12:08,117,0,7,104
2023-10-12T11:25:25,117,0,7,104
2023-10-12T11:38:30,117,0,7,104
2023-10-12T11:51:35,118,0,6,104
2023-10-12T12:04:41,118,0,6,104
2023-10-12T12:17:46,118,0,6,104
2023-10-12T12:30:52,118,0,6,104
2023-10-12T12:44:08,118,0,6,104
2023-10-12T12:57:13,118,0,6,104
2023-10-12T13:10:18,118,0,6,104
2023-10-12T13:23:24,118,0,6,104
2023-10-12T13:36:29,118,0,6,104
2023-10-12T13:49:34,118,0,6,104
2023-10-12T14:02:52,118,0,6,104
2023-10-12T14:15:58,118,0,6,104
2023-10-12T14:29:05,118,0,6,104
2023-10-12T14:42:11,118,0,6,104
2023-10-12T14:55:17,118,0,6,104
2023-10-12T15:08:23,118,0,6,104
2023-10-12T15:21:41,118,0,6,104
2023-10-12T15:34:47,118,0,6,104
2023-10-12T15:47:53,118,0,6,104
2023-10-12T16:00:59,118,0,6,104
2023-10-12T16:14:05,118,0,6,104
2023-10-12T16:27:11,118,0,6,104
2023-10-12T16:40:27,118,0,6,104
2023-10-12T16:53:33,118,0,6,104
2023-10-12T17:06:39,118,0,6,104
2023-10-12T17:19:46,118,0,6,104
2023-10-12T17:32:52,118,0,6,104
2023-10-12T17:45:58,118,0,6,104
2023-10-12T17:59:15,118,0,6,104
2023-10-12T18:12:21,118,0,5,104
2023-10-12T18:25:27,118,0,5,104
2023-10-12T18:38:33,118,0,5,104
2023-10-12T18:51:38,118,0,5,104
2023-10-12T19:04:44,118,0,5,104
2023-10-12T19:17:51,118,0,5,104
2023-10-12T19:30:58,118,0,5,104
2023-10-12T19:44:15,118,0,5,104
2023-10-12T19:57:21,118,0,5,104
2023-10-12T20:10:27,118,0,5,104
2023-10-12T20:23:33,118,0,5,104
2023-10-12T20:36:39,118,0,5,104
2023-10-12T20:49:45,118,0,5,104
2023-10-12T21:02:50,118,0,5,104
2023-10-12T21:15:56,118,0,5,104
2023-10-12T21:29:02,118,0,5,104
2023-10-12T21:42:19,118,0,5,104
2023-10-12T21:55:25,118,0,5,104
2023-10-12T22:08:31,118,0,5,104
2023-10-12T22:21:37,118,0,5,104
2023-10-12T22:34:43,118,0,5,104
2023-10-12T22:47:48,118,0,5,104
2023-10-12T23:00:54,118,0,5,104
2023-10-12T23:14:00,118,0,5,104
2023-10-12T23:27:17,118,0,5,104
2023-10-12T23:40:24,118,0,5,104
2023-10-12T23:53:30,118,0,5,104
2023-10-13T00:06:38,118,0,5,104
2023-10-13T00:19:53,118,0,5,104
2023-10-13T00:33:04,118,0,5,104
2023-10-13T00:46:16,118,0,5,104
2023-10-13T00:59:28,118,0,5,104
2023-10-13T01:12:40,118,0,5,104
2023-10-13T01:25:51,118,0,5,104
2023-10-13T01:39:03,118,0,5,104
2023-10-13T01:52:25,118,0,5,104
2023-10-13T02:05:38,118,0,5,104
2023-10-13T02:18:49,118,0,5,104
2023-10-13T02:31:58,118,0,5,104
2023-10-13T02:45:07,118,0,5,104
2023-10-13T02:58:19,118,0,5,104
2023-10-13T03:11:30,118,0,5,104
2023-10-13T03:24:41,118,0,5,104
2023-10-13T03:37:51,118,0,5,104
2023-10-13T03:51:01,118,0,5,104
2023-10-13T04:04:12,118,0,5,104
2023-10-13T04:23:00,118,0,5,104
2023-10-13T04:36:35,118,0,5,104
2023-10-13T04:49:47,118,0,5,104
2023-10-13T05:02:59,118,0,5,104
2023-10-13T05:16:13,118,0,5,104
2023-10-13T05:29:24,118,0,5,104
2023-10-13T05:42:37,118,0,5,104
2023-10-13T05:55:47,118,0,5,104
2023-10-13T06:08:57,118,0,5,104
2023-10-13T06:22:08,118,0,5,104
2023-10-13T06:35:20,118,0,5,104
2023-10-13T06:48:30,118,0,5,104
2023-10-13T07:01:41,118,0,5,104
2023-10-13T07:14:55,118,0,5,104
2023-10-13T07:28:04,118,0,5,104
2023-10-13T07:41:20,118,0,5,104
2023-10-13T07:54:30,118,0,5,104
2023-10-13T08:07:37,118,0,5,104
2023-10-13T08:20:43,118,0,5,104
2023-10-13T08:33:50,118,0,5,104
2023-10-13T08:46:56,118,0,5,104
2023-10-13T09:00:02,118,0,5,104
2023-10-13T09:13:08,118,0,5,104
2023-10-13T09:26:18,118,0,5,104
2023-10-13T09:39:37,118,0,5,104
2023-10-13T09:52:44,118,0,5,104
2023-10-13T10:05:51,118,0,5,104
2023-10-13T10:18:57,118,0,5,104
2023-10-13T10:32:02,118,0,5,104
2023-10-13T10:45:08,118,0,5,104
2023-10-13T10:58:25,118,0,5,104
2023-10-13T11:11:31,118,0,5,104
2023-10-13T11:24:36,118,0,5,104
2023-10-13T11:37:43,118,0,5,104
2023-10-13T11:50:49,118,0,5,104
2023-10-13T12:03:56,118,0,5,104
2023-10-13T12:17:12,118,0,5,104
2023-10-13T12:30:19,118,0,5,104
2023-10-13T12:43:29,118,0,5,104
2023-10-13T12:56:38,118,0,5,104
2023-10-13T13:09:43,118,0,5,104
2023-10-13T13:22:49,118,0,5,104
2023-10-13T13:36:05,118,0,5,104
2023-10-13T13:49:11,118,0,5,104
2023-10-13T14:02:18,118,0,5,104
2023-10-13T14:15:25,118,0,5,104
2023-10-13T14:28:32,118,0,5,104
2023-10-13T14:41:38,118,0,5,104
2023-10-13T14:54:55,118,0,5,104
2023-10-13T15:08:01,118,0,5,104
2023-10-13T15:21:08,118,0,5,104
2023-10-13T15:34:14,118,0,5,104
2023-10-13T15:47:20,118,0,5,104
2023-10-13T16:00:27,118,0,5,104
2023-10-13T16:13:44,118,0,5,104
2023-10-13T16:26:50,118,0,5,104
2023-10-13T16:39:57,118,0,5,104
2023-10-13T16:53:03,118,0,5,104
2023-10-13T17:06:10,118,0,5,104
2023-10-13T17:19:18,118,0,5,104
2023-10-13T17:43:56,118,0,5,104
2023-10-13T17:57:31,118,0,5,104
2023-10-13T18:10:39,118,0,5,104
2023-10-13T18:23:46,118,0,5,104
2023-10-13T18:36:56,118,0,5,104
2023-10-13T18:50:10,118,0,4,104
2023-10-13T19:03:17,118,0,4,104
2023-10-13T19:16:22,118,0,4,104
2023-10-13T19:29:32,118,0,4,104
2023-10-13T19:42:38,118,0,4,104
2023-10-13T19:55:45,118,0,4,104
2023-10-13T20:08:51,118,0,4,104
2023-10-13T20:22:09,118,0,4,104
2023-10-13T20:35:15,118,0,4,104
2023-10-13T20:48:21,118,0,4,104
2023-10-13T21:01:28,118,0,4,104
2023-10-13T21:14:35,118,0,4,104
2023-10-13T21:27:41,118,0,4,104
2023-10-13T21:40:48,118,0,4,104
2023-10-13T21:53:54,118,0,4,104
2023-10-13T22:07:00,118,0,4,104
2023-10-13T22:20:07,118,0,4,104
2023-10-13T22:33:13,118,0,4,104
2023-10-13T22:46:19,118,0,4,104
2023-10-13T22:59:34,118,0,4,104
2023-10-13T23:12:41,118,0,4,104
2023-10-13T23:25:48,118,0,4,104
2023-10-13T23:38:55,118,0,4,104
2023-10-13T23:52:02,118,0,4,104
2023-10-14T00:05:11,118,0,4,104
2023-10-14T00:18:28,118,0,4,104
2023-10-14T00:31:39,118,0,4,104
2023-10-14T00:44:51,118,0,4,104
2023-10-14T00:58:03,118,0,4,104
2023-10-14T01:11:14,118,0,4,104
2023-10-14T01:24:26,118,0,4,104
2023-10-14T01:37:38,118,0,4,104
2023-10-14T01:50:49,118,0,4,104
2023-10-14T02:04:01,118,0,4,104
2023-10-14T02:17:21,118,0,4,104
2023-10-14T02:30:30,118,0,4,104
2023-10-14T02:43:38,118,0,4,104
2023-10-14T02:56:44,118,0,4,104
2023-10-14T03:09:53,118,0,4,104
2023-10-14T03:23:13,118,0,4,104
2023-10-14T03:37:55,118,0,4,104
2023-10-14T03:51:09,118,0,4,104
2023-10-14T04:04:20,118,0,4,104
2023-10-14T04:24:16,118,0,4,104
2023-10-14T04:38:30,118,0,4,104
2023-10-14T04:52:14,118,0,4,104
2023-10-14T05:05:27,118,0,4,104
2023-10-14T05:18:38,118,0,4,104
2023-10-14T05:31:50,118,0,4,104
2023-10-14T05:45:02,118,0,4,104
2023-10-14T05:58:13,118,0,4,104
2023-10-14T06:11:30,118,0,4,104
2023-10-14T06:24:41,118,0,4,104
2023-10-14T06:37:51,118,0,4,104
2023-10-14T06:51:01,118,0,4,104
2023-10-14T07:04:15,118,0,4,104
2023-10-14T07:17:26,118,0,4,104
2023-10-14T07:30:36,118,0,4,104
2023-10-14T07:43:45,118,0,4,104
2023-10-14T07:56:55,118,0,4,104
2023-10-14T08:10:06,118,0,4,104
2023-10-14T08:23:16,118,0,4,104
2023-10-14T08:36:35,118,0,4,104
2023-10-14T08:49:43,118,0,4,104
2023-10-14T09:02:52,118,0,4,104
2023-10-14T09:16:03,118,0,4,104
2023-10-14T09:29:12,118,0,4,104
2023-10-14T09:42:19,118,0,4,104
2023-10-14T09:55:26,118,0,4,104
2023-10-14T10:08:34,118,0,4,104
2023-10-14T10:21:42,118,0,4,104
2023-10-14T10:34:53,118,0,4,104
2023-10-14T10:48:00,118,0,4,104
2023-10-14T11:01:06,118,0,4,104
2023-10-14T11:14:12,118,0,4,104
2023-10-14T11:27:26,118,0,4,104
2023-10-14T11:40:33,118,0,4,104
2023-10-14T11:53:39,118,0,4,104
2023-10-14T12:06:45,118,0,4,104
2023-10-14T12:19:51,118,0,4,104
2023-10-14T12:32:57,118,0,4,104
2023-10-14T12:46:03,118,0,4,104
2023-10-14T12:59:09,118,0,4,104
2023-10-14T13:12:14,118,0,4,104
2023-10-14T13:25:20,118,0,4,104
2023-10-14T13:38:26,118,0,4,104
2023-10-14T13:51:32,118,0,4,104
2023-10-14T14:04:38,118,0,4,104
2023-10-14T14:17:45,118,0,4,104
2023-10-14T14:31:01,118,0,4,104
2023-10-14T14:44:07,118,0,4,104
2023-10-14T14:57:13,118,0,4,104
2023-10-14T15:10:19,118,0,4,104
2023-10-14T15:23:24,118,0,4,104
2023-10-14T15:36:31,118,0,4,104
2023-10-14T15:49:37,118,0,4,104
2023-10-14T16:02:43,118,0,4,104
2023-10-14T16:15:49,118,0,4,104
2023-10-14T16:28:56,118,0,4,104
2023-10-14T16:42:04,118,0,4,104
2023-10-14T16:55:10,118,0,4,104
2023-10-14T17:08:16,118,0,4,104
2023-10-14T17:21:23,118,0,4,104
2023-10-14T17:34:39,118,0,4,104
2023-10-14T17:47:45,118,0,4,104
2023-10-14T18:00:52,118,0,4,104
2023-10-14T18:13:58,118,0,4,104
2023-10-14T18:27:05,118,0,4,104
2023-10-14T18:40:12,118,0,4,104
2023-10-14T18:53:18,118,0,4,104
2023-10-14T19:06:25,118,0,4,104
2023-10-14T19:19:31,118,0,4,104
2023-10-14T19:32:37,118,0,4,104
2023-10-14T19:45:43,118,0,4,104
2023-10-14T19:58:49,118,0,4,104
2023-10-14T20:11:57,118,0,4,104
2023-10-14T20:25:03,118,0,4,104
2023-10-14T20:38:09,118,0,4,104
2023-10-14T20:51:15,118,0,4,104
2023-10-14T21:04:32,118,0,4,104
2023-10-14T21:17:38,118,0,4,104
2023-10-14T21:30:44,118,0,4,104
2023-10-14T21:43:50,118,0,4,104
2023-10-14T21:56:56,118,0,4,104
2023-10-14T22:10:02,118,0,4,104
2023-10-14T22:23:08,118,0,4,104
2023-10-14T22:36:14,118,0,4,104
2023-10-14T22:49:20,118,0,4,104
2023-10-14T23:02:26,118,0,4,104
2023-10-14T23:15:33,118,0,4,104
2023-10-14T23:28:39,118,0,4,104
2023-10-14T23:41:46,118,0,4,104
2023-10-14T23:54:52,118,0,4,104
2023-10-15T00:07:59,118,0,4,104
2023-10-15T00:21:08,118,0,4,104
2023-10-15T00:34:15,118,0,4,104
2023-10-15T00:57:01,118,0,4,104
2023-10-15T01:10:24,118,0,4,104
2023-10-15T01:23:37,118,0,4,104
2023-10-15T01:36:49,118,0,4,104
2023-10-15T01:50:03,118,0,4,104
2023-10-15T02:03:16,118,0,4,104
2023-10-15T02:16:29,118,0,4,104
2023-10-15T02:29:39,118,0,4,104
2023-10-15T02:42:50,118,0,4,104
2023-10-15T02:56:01,118,0,4,104
2023-10-15T03:09:12,118,0,4,104
2023-10-15T03:22:23,118,0,4,104
2023-10-15T03:35:33,118,0,4,104
2023-10-15T03:48:43,118,0,4,104
2023-10-15T04:01:55,118,0,4,104
2023-10-15T04:20:06,118,0,4,104
2023-10-15T04:34:36,118,0,4,104
2023-10-15T04:48:06,118,0,4,104
2023-10-15T05:01:18,118,0,4,104
2023-10-15T05:14:29,118,0,4,104
2023-10-15T05:27:43,118,0,4,104
2023-10-15T05:40:54,118,0,4,104
2023-10-15T05:54:07,118,0,4,104
2023-10-15T06:07:19,118,0,4,104
2023-10-15T06:20:30,118,0,4,104
2023-10-15T06:33:41,118,0,4,104
2023-10-15T06:46:51,118,0,4,104
2023-10-15T07:00:04,118,0,4,104
2023-10-15T07:13:16,118,0,4,104
2023-10-15T07:26:24,118,0,4,104
2023-10-15T07:39:33,118,0,4,104
2023-10-15T07:52:39,118,0,4,104
2023-10-15T08:05:46,118,0,4,104
2023-10-15T08:18:52,118,0,4,104
2023-10-15T08:32:00,118,0,4,104
2023-10-15T08:45:07,118,0,4,104
2023-10-15T08:58:22,118,0,4,104
2023-10-15T09:11:29,118,0,4,104
2023-10-15T09:24:36,118,0,4,104
2023-10-15T09:37:43,118,0,4,104
2023-10-15T09:50:49,118,0,4,104
2023-10-15T10:03:55,118,0,4,104
2023-10-15T10:17:01,118,0,4,104
2023-10-15T10:30:07,118,0,4,104
2023-10-15T10:43:14,118,0,4,104
2023-10-15T10:56:20,118,0,4,104
2023-10-15T11:09:26,118,0,4,104
2023-10-15T11:22:33,118,0,4,104
2023-10-15T11:35:38,118,0,4,104
2023-10-15T11:48:44,118,0,4,104
2023-10-15T12:01:50,118,0,4,104
2023-10-15T12:14:55,118,0,4,104
2023-10-15T12:28:02,118,0,4,104
2023-10-15T12:41:17,118,0,4,104
2023-10-15T12:54:23,118,0,4,104
2023-10-15T13:07:29,118,0,4,104
2023-10-15T13:20:35,118,0,4,104
2023-10-15T13:33:40,118,0,4,104
2023-10-15T13:46:46,118,0,4,104
2023-10-15T13:59:52,118,0,4,104
2023-10-15T14:12:58,118,0,4,104
2023-10-15T14:26:04,118,0,4,104
2023-10-15T14:39:10,118,0,4,104
2023-10-15T14:52:16,118,0,4,104
2023-10-15T15:05:22,118,0,4,104
2023-10-15T15:18:28,118,0,4,104
2023-10-15T15:31:34,118,0,4,104
2023-10-15T15:44:40,118,0,4,104
2023-10-15T15:57:45,118,0,4,104
2023-10-15T16:10:52,118,0,4,104
2023-10-15T16:24:09,118,0,4,104
2023-10-15T16:37:15,118,0,4,104
2023-10-15T16:50:21,118,0,4,104
2023-10-15T17:03:27,118,0,4,104
2023-10-15T17:16:33,118,0,4,104
2023-10-15T17:29:39,118,0,4,104
2023-10-15T17:42:45,118,0,4,104
2023-10-15T17:55:50,118,0,4,104
2023-10-15T18:08:57,118,0,4,104
2023-10-15T18:22:03,118,0,4,104
2023-10-15T18:35:08,118,0,4,104
2023-10-15T18:48:15,118,0,4,104
2023-10-15T19:01:21,118,0,4,104
2023-10-15T19:14:31,118,0,4,104
2023-10-15T19:27:41,118,0,4,104
2023-10-15T19:40:59,118,0,4,104
2023-10-15T19:54:06,118,0,4,104
2023-10-15T20:07:12,118,0,4,104
2023-10-15T20:20:19,118,0,4,104
2023-10-15T20:33:25,118,0,4,104
2023-10-15T20:46:31,118,0,4,104
2023-10-15T20:59:38,118,0,4,104
2023-10-15T21:12:44,118,0,4,104
2023-10-15T21:25:51,118,0,4,104
2023-10-15T21:38:57,118,0,4,104
2023-10-15T21:52:04,118,0,4,104
2023-10-15T22:05:09,118,0,4,104
2023-10-15T22:18:16,118,0,4,104
2023-10-15T22:31:35,118,0,4,104
2023-10-15T22:44:42,118,0,4,104
2023-10-15T22:57:48,118,0,4,104
2023-10-15T23:10:55,118,0,4,104
2023-10-15T23:24:02,118,0,4,104
2023-10-15T23:37:10,118,0,4,104
2023-10-15T23:50:16,118,0,4,104
2023-10-16T00:03:22,118,0,4,104
2023-10-16T00:16:38,118,0,4,104
2023-10-16T00:30:05,118,0,4,104
2023-10-16T00:43:19,118,0,4,104
2023-10-16T00:56:29,118,0,4,104
2023-10-16T01:09:40,118,0,4,104
2023-10-16T01:23:01,118,0,4,104
2023-10-16T01:36:15,118,0,4,104
2023-10-16T01:49:27,118,0,4,104
2023-10-16T02:02:39,118,0,4,104
2023-10-16T02:15:50,118,0,4,104
2023-10-16T02:29:00,118,0,4,104
2023-10-16T02:42:23,118,0,4,104
2023-10-16T02:55:31,118,0,4,104
2023-10-16T03:08:41,118,0,4,104
2023-10-16T03:21:52,118,0,4,104
2023-10-16T03:35:12,118,0,4,104
2023-10-16T03:48:21,118,0,4,104
2023-10-16T04:02:11,118,0,4,104
2023-10-16T04:17:02,118,0,4,104
2023-10-16T04:26:12,118,0,4,104
2023-10-16T04:39:52,118,0,4,104
2023-10-16T04:53:05,118,0,4,104
2023-10-16T05:06:27,118,0,4,104
2023-10-16T05:19:41,118,0,4,104
2023-10-16T05:32:53,118,0,4,104
2023-10-16T05:46:06,118,0,4,104
2023-10-16T05:59:18,118,0,4,104
2023-10-16T06:12:30,118,0,4,104
2023-10-16T06:25:41,118,0,4,104
2023-10-16T06:38:52,118,0,4,104
2023-10-16T06:52:07,118,0,4,104
2023-10-16T07:05:16,118,0,4,104
2023-10-16T07:18:23,118,0,4,104
2023-10-16T07:31:31,118,0,4,104
2023-10-16T07:44:46,118,0,4,104
2023-10-16T07:57:52,118,0,4,104
2023-10-16T08:10:59,118,0,4,104
2023-10-16T08:24:07,118,0,4,104
2023-10-16T08:37:15,118,0,4,104
2023-10-16T08:50:23,118,0,4,104
2023-10-16T09:03:30,118,0,4,104
2023-10-16T09:16:37,118,0,4,104
2023-10-16T09:29:43,118,0,4,104
2023-10-16T09:42:50,118,0,4,104
2023-10-16T10:00:22,118,0,4,104
2023-10-16T10:14:03,118,0,4,104
2023-10-16T10:27:11,118,0,4,104
2023-10-16T10:40:19,118,0,4,104
2023-10-16T10:53:26,118,0,4,104
2023-10-16T11:06:34,118,0,4,104
2023-10-16T11:19:41,118,0,4,104
2023-10-16T11:32:49,118,0,4,104
2023-10-16T11:46:07,118,0,4,104
2023-10-16T11:59:15,118,0,4,104
2023-10-16T12:12:22,118,0,4,104
2023-10-16T12:25:29,118,0,4,104
2023-10-16T12:38:37,118,0,4,104
2023-10-16T12:51:44,118,0,4,104
2023-10-16T13:04:51,118,0,4,104
2023-10-16T13:17:59,118,0,4,104
2023-10-16T13:31:18,118,0,4,104
2023-10-16T13:44:26,118,0,4,104
2023-10-16T13:57:35,118,0,4,104
2023-10-16T14:10:44,118,0,4,104
2023-10-16T14:23:52,118,0,4,104
2023-10-16T14:36:59,118,0,4,104
2023-10-16T14:50:06,118,0,4,104
2023-10-16T15:03:14,118,0,4,104
2023-10-16T15:16:32,118,0,4,104
2023-10-16T15:29:39,118,0,4,104
2023-10-16T15:42:47,118,0,4,104
2023-10-16T15:55:54,118,0,4,104
2023-10-16T16:09:01,118,0,4,104
2023-10-16T16:22:08,118,0,4,104
2023-10-16T16:35:15,118,0,4,104
2023-10-16T16:48:21,118,0,4,104
2023-10-16T17:01:28,118,0,4,104
2023-10-16T17:14:47,118,0,4,104
2023-10-16T17:27:54,118,0,4,104
2023-10-16T17:41:01,118,0,4,104
2023-10-16T17:54:08,118,0,4,104
2023-10-16T18:07:15,118,0,4,104
2023-10-16T18:20:22,118,0,4,104
2023-10-16T18:33:29,118,0,4,104
2023-10-16T18:46:36,118,0,4,104
2023-10-16T18:59:43,118,0,4,104
2023-10-16T19:12:50,118,0,4,104
2023-10-16T19:25:57,118,0,4,104
2023-10-16T19:39:18,118,0,4,104
2023-10-16T19:52:25,118,0,4,104
2023-10-16T20:05:32,118,0,4,104
2023-10-16T20:18:38,118,0,4,104
2023-10-16T20:31:45,118,0,4,104
2023-10-16T20:44:51,118,0,4,104
2023-10-16T20:57:58,118,0,4,104
2023-10-16T21:11:06,118,0,4,104
2023-10-16T21:24:13,118,0,4,104
2023-10-16T21:37:20,118,0,4,104
2023-10-16T21:50:27,118,0,4,104
2023-10-16T22:03:45,118,0,4,104
2023-10-16T22:16:53,118,0,4,104
2023-10-16T22:30:00,118,0,4,104
2023-10-16T22:43:07,118,0,4,104
2023-10-16T22:56:13,118,0,4,104
2023-10-16T23:09:21,118,0,4,104
2023-10-16T23:22:29,118,0,4,104
2023-10-16T23:35:36,118,0,4,104
2023-10-16T23:48:43,118,0,4,104
2023-10-17T00:01:50,118,0,4,104
2023-10-17T00:15:09,118,0,4,104
2023-10-17T00:28:22,118,0,4,104
2023-10-17T00:41:34,118,0,4,104
2023-10-17T00:54:48,118,0,4,104
2023-10-17T01:08:01,118,0,4,104
2023-10-17T01:21:12,118,0,4,104
2023-10-17T01:34:24,118,0,4,104
2023-10-17T01:47:35,118,0,4,104
2023-10-17T02:00:46,118,0,4,104
2023-10-17T02:13:55,118,0,4,104
2023-10-17T02:27:03,118,0,4,104
2023-10-17T02:40:12,118,0,4,104
2023-10-17T02:53:20,118,0,4,104
2023-10-17T03:06:29,118,0,4,104
2023-10-17T03:19:40,118,0,4,104
2023-10-17T03:32:50,118,0,4,104
2023-10-17T03:46:02,118,0,4,104
2023-10-17T03:59:25,118,0,4,104
2023-10-17T04:15:59,118,0,4,104
2023-10-17T04:29:13,118,0,4,104
2023-10-17T04:43:31,118,0,4,104
2023-10-17T04:57:14,118,0,4,104
2023-10-17T05:10:32,118,0,4,104
2023-10-17T05:23:45,118,0,4,104
2023-10-17T05:36:56,118,0,4,104
2023-10-17T05:50:08,118,0,4,104
2023-10-17T06:03:19,118,0,4,104
2023-10-17T06:16:29,118,0,4,104
2023-10-17T06:29:41,118,0,4,104
2023-10-17T06:42:52,118,0,4,104
2023-10-17T06:56:07,118,0,4,104
2023-10-17T07:09:18,118,0,4,104
2023-10-17T07:22:29,118,0,4,104
2023-10-17T07:35:39,118,0,4,104
2023-10-17T07:48:48,118,0,4,104
2023-10-17T08:01:58,118,0,4,104
2023-10-17T08:15:07,118,0,4,104
2023-10-17T08:28:18,118,0,4,104
2023-10-17T08:41:26,118,0,4,104
2023-10-17T08:54:34,118,0,4,104
2023-10-17T09:07:53,118,0,4,104
2023-10-17T09:21:00,118,0,4,104
2023-10-17T09:34:08,118,0,4,104
2023-10-17T09:47:16,118,0,4,104
2023-10-17T10:00:24,118,0,4,104
2023-10-17T10:13:32,118,0,4,104
2023-10-17T10:26:42,118,0,4,104
2023-10-17T10:39:50,118,0,4,104
2023-10-17T10:52:58,118,0,4,104
2023-10-17T11:06:05,118,0,4,104
2023-10-17T11:19:13,118,0,4,104
2023-10-17T11:32:33,118,0,4,104
2023-10-17T11:45:41,118,0,4,104
2023-10-17T11:58:49,118,0,4,104
2023-10-17T12:11:58,118,0,4,104
2023-10-17T12:25:06,118,0,4,104
2023-10-17T12:38:15,118,0,4,104
2023-10-17T12:51:23,118,0,4,104
2023-10-17T13:04:31,118,0,4,104
2023-10-17T13:17:51,118,0,4,104
2023-10-17T13:30:59,118,0,4,104
2023-10-17T13:44:07,118,0,4,104
2023-10-17T13:57:15,118,0,4,104
2023-10-17T14:10:22,118,0,4,104
2023-10-17T14:23:30,118,0,4,104
2023-10-17T14:36:38,118,0,4,104
2023-10-17T14:49:46,118,0,4,104
2023-10-17T15:02:55,118,0,4,104
2023-10-17T15:16:14,118,0,4,104
2023-10-17T15:29:22,118,0,4,104
2023-10-17T15:42:30,118,0,4,104
2023-10-17T15:55:38,118,0,4,104
2023-10-17T16:08:46,118,0,4,104
2023-10-17T16:21:56,118,0,4,104
2023-10-17T16:35:04,118,0,4,104
2023-10-17T16:48:23,118,0,4,104
2023-10-17T17:01:31,118,0,4,104
2023-10-17T17:14:40,118,0,4,104
2023-10-17T17:27:48,118,0,4,104
2023-10-17T17:40:55,118,0,4,104
2023-10-17T17:54:03,118,0,4,104
2023-10-17T18:07:12,118,0,4,104
2023-10-17T18:20:20,118,0,4,104
2023-10-17T18:33:29,118,0,4,104
2023-10-17T18:46:48,118,0,4,104
2023-10-17T18:59:55,118,0,4,104
2023-10-17T19:13:04,118,0,4,104
2023-10-17T19:26:12,118,0,4,104
2023-10-17T19:39:20,118,0,4,104
2023-10-17T19:52:28,118,0,4,104
2023-10-17T20:05:36,118,0,4,104
2023-10-17T20:18:44,118,0,4,104
2023-10-17T20:31:52,118,0,4,104
2023-10-17T20:45:00,118,0,4,104
2023-10-17T20:58:08,118,0,4,104
2023-10-17T21:11:17,118,0,4,104
2023-10-17T21:24:25,118,0,4,104
2023-10-17T21:37:32,118,0,4,104
2023-10-17T21:50:51,118,0,4,104
2023-10-17T22:03:59,118,0,4,104
2023-10-17T22:17:07,118,0,4,104
2023-10-17T22:30:15,118,0,4,104
2023-10-17T22:43:23,118,0,4,104
2023-10-17T22:56:30,118,0,4,104
2023-10-17T23:09:50,118,0,4,104
2023-10-17T23:22:58,118,0,4,104
2023-10-17T23:36:07,118,0,4,104
2023-10-17T23:49:15,118,0,4,104
2023-10-18T00:02:25,118,0,4,104
2023-10-18T00:15:38,118,0,4,104
2023-10-18T00:28:51,118,0,4,104
2023-10-18T00:42:04,118,0,4,104
2023-10-18T00:55:28,118,0,4,104
2023-10-18T01:08:42,118,0,4,104
2023-10-18T01:21:55,118,0,4,104
2023-10-18T01:35:09,118,0,4,104
2023-10-18T01:48:23,118,0,4,104
2023-10-18T02:01:37,118,0,4,104
2023-10-18T02:14:49,118,0,4,104
2023-10-18T02:28:01,118,0,4,104
2023-10-18T02:41:11,118,0,4,104
2023-10-18T02:54:23,118,0,4,104
2023-10-18T03:07:34,118,0,4,104
2023-10-18T03:20:45,118,0,4,104
2023-10-18T03:33:57,118,0,4,104
2023-10-18T03:47:18,118,0,4,104
2023-10-18T04:00:31,118,0,4,104
2023-10-18T04:13:55,118,0,4,104
2023-10-18T04:27:46,118,0,4,104
2023-10-18T04:42:31,118,0,4,104
2023-10-18T04:55:47,118,0,4,104
2023-10-18T05:09:04,118,0,4,104
2023-10-18T05:22:18,118,0,4,104
2023-10-18T05:35:31,118,0,4,104
2023-10-18T05:48:45,118,0,4,104
2023-10-18T06:01:58,118,0,4,104
2023-10-18T06:15:14,118,0,4,104
2023-10-18T06:28:28,118,0,4,104
2023-10-18T06:41:43,118,0,4,104
2023-10-18T06:54:56,118,0,4,104
2023-10-18T07:08:09,118,0,4,104
2023-10-18T07:21:20,118,0,4,104
2023-10-18T07:34:31,118,0,4,104
2023-10-18T07:47:42,118,0,4,104
2023-10-18T08:00:53,118,0,4,104
2023-10-18T08:14:04,118,0,4,104
2023-10-18T08:27:16,118,0,4,104
2023-10-18T08:40:28,118,0,4,104
2023-10-18T08:53:37,118,0,4,104
2023-10-18T09:06:45,118,0,4,104
2023-10-18T09:20:20,118,0,4,104
2023-10-18T09:33:29,118,0,4,104
2023-10-18T09:46:37,118,0,4,104
2023-10-18T09:59:46,118,0,4,104
2023-10-18T10:12:55,118,0,4,104
2023-10-18T10:26:03,118,0,4,104
2023-10-18T10:39:12,118,0,4,104
2023-10-18T10:52:21,118,0,4,104
2023-10-18T11:05:30,118,0,4,104
2023-10-18T11:18:39,118,0,4,104
2023-10-18T11:31:47,118,0,4,104
2023-10-18T11:45:08,118,0,4,104
